1 0.331856 0.754158 0.008913 0.012702
1 0.055221 0.331849 0.007501 0.009705
1 0.926586 0.655347 0.007235 0.007961
1 0.104907 0.232307 0.005761 0.007627
1 0.606658 0.249410 0.007261 0.007819
1 0.083489 0.245391 0.007798 0.013966
1 0.398110 0.848599 0.005192 0.013241
1 0.920428 0.477115 0.007053 0.006344
1 0.329699 0.760252 0.006163 0.008857
1 0.366999 0.803972 0.004376 0.013742
1 0.922741 0.543848 0.007196 0.007025
1 0.331019 0.127974 0.004496 0.013902
1 0.440719 0.169838 0.005369 0.018880
1 0.332274 0.757216 0.008538 0.012000
1 0.737956 0.191713 0.007552 0.006341
1 0.916929 0.660045 0.005499 0.008238
