1 0.209551 0.428036 0.061302 0.046510
1 0.125627 0.537407 0.049352 0.033674
1 0.861480 0.095658 0.043756 0.041914
1 0.186735 0.462028 0.061273 0.052966
1 0.850808 0.183464 0.026429 0.040569
1 0.176432 0.479835 0.061311 0.053034
1 0.806233 0.041042 0.027761 0.026547
1 0.587330 0.355454 0.039762 0.063591
1 0.790697 0.027475 0.021487 0.031213
1 0.204927 0.590440 0.039872 0.047231
1 0.819531 0.048591 0.028809 0.024637
1 0.717292 0.011389 0.018290 0.022778
1 0.198331 0.443814 0.059988 0.046480
1 0.749660 0.055910 0.024562 0.032742
1 0.879370 0.194124 0.028112 0.037923
1 0.163628 0.499100 0.069251 0.049541
1 0.815515 0.168772 0.017677 0.027885
1 0.145180 0.504913 0.044541 0.038928
1 0.846910 0.066421 0.032478 0.026743
1 0.494753 0.282281 0.039703 0.045037
1 0.315489 0.277659 0.050659 0.037280
1 0.794942 0.090780 0.026149 0.025578
1 0.842650 0.611319 0.072697 0.101299
1 0.213059 0.604516 0.037743 0.044329
1 0.853963 0.085179 0.036080 0.035189
1 0.827768 0.170581 0.022321 0.037517
1 0.245411 0.602764 0.064507 0.074080
1 0.841284 0.170403 0.026368 0.045163
1 0.651062 0.874550 0.060779 0.064947
1 0.483380 0.270330 0.039039 0.046302
1 0.631550 0.867238 0.063248 0.066580
1 0.468569 0.265011 0.037138 0.040463
1 0.294956 0.303393 0.054167 0.047258
1 0.116322 0.117511 0.029564 0.026554
1 0.794636 0.139175 0.022661 0.030799
1 0.293469 0.639978 0.062458 0.072938
1 0.867318 0.190010 0.028286 0.039760
1 0.566953 0.331187 0.040478 0.052156
1 0.797310 0.515845 0.059731 0.082712
1 0.700900 0.423533 0.038089 0.049934
1 0.268747 0.619134 0.064721 0.074664
1 0.155405 0.493428 0.049993 0.038838
1 0.410779 0.230896 0.035038 0.042549
1 0.953708 0.133789 0.037042 0.033515
1 0.318872 0.657101 0.059475 0.069356
1 0.711600 0.448202 0.057348 0.072692
1 0.733430 0.460969 0.056322 0.077955
1 0.560923 0.816381 0.063903 0.070003
1 0.806170 0.167856 0.018617 0.032702
1 0.844451 0.519924 0.031957 0.046637
1 0.678743 0.418823 0.054458 0.059108
1 0.358135 0.682481 0.064396 0.066730
1 0.776542 0.476364 0.040111 0.050360
1 0.587474 0.835085 0.067434 0.071764
1 0.208377 0.600143 0.038405 0.051791
1 0.285551 0.321447 0.063922 0.053823
1 0.798031 0.161139 0.019421 0.043738
1 0.552776 0.322218 0.041841 0.052855
1 0.298232 0.327762 0.089488 0.067638
1 0.136331 0.525990 0.059152 0.045907
1 0.147081 0.526305 0.045554 0.046534
1 0.819065 0.521761 0.057327 0.080806
1 0.385853 0.691660 0.070316 0.079807
1 0.627550 0.375256 0.038885 0.046845
