1 0.339355 0.545216 0.080024 0.060981
1 0.241011 0.463710 0.067401 0.052383
1 0.835842 0.702093 0.032277 0.028234
1 0.112145 0.353734 0.053380 0.049396
1 0.795252 0.718462 0.043461 0.038865
1 0.260304 0.296911 0.031776 0.024688
1 0.667510 0.616504 0.055312 0.043213
1 0.824399 0.706932 0.021792 0.019032
1 0.708951 0.618649 0.024919 0.021584
1 0.687225 0.603597 0.023022 0.019938
1 0.721221 0.630722 0.020925 0.019151
1 0.803490 0.614646 0.029950 0.027583
1 0.762221 0.660703 0.025980 0.020748
1 0.737096 0.641087 0.024713 0.021795
1 0.771149 0.668410 0.024396 0.022307
1 0.787845 0.600339 0.022684 0.021324
1 0.853465 0.662039 0.033233 0.025055
1 0.731386 0.560955 0.017532 0.016217
1 0.207367 0.295270 0.018851 0.017533
1 0.773601 0.588616 0.016755 0.015649
1 0.149441 0.334346 0.020500 0.017633
1 0.751018 0.574897 0.017198 0.017590
1 0.157613 0.329640 0.020077 0.018684
1 0.230500 0.275698 0.013777 0.012072
1 0.136574 0.349854 0.027142 0.024929
1 0.590924 0.658054 0.067784 0.064724
1 0.200733 0.299452 0.017637 0.015907
1 0.185465 0.308818 0.018199 0.017314
1 0.177630 0.312991 0.017107 0.015430
1 0.746014 0.647399 0.027676 0.024632
1 0.214270 0.441287 0.087581 0.073888
1 0.681217 0.597545 0.021945 0.017663
1 0.211105 0.289183 0.014464 0.011958
1 0.674687 0.542526 0.014386 0.009525
1 0.214668 0.391135 0.034789 0.027350
1 0.780688 0.592997 0.016155 0.017636
1 0.662483 0.582506 0.016646 0.015458
1 0.169209 0.376241 0.054128 0.043192
1 0.165108 0.323641 0.020110 0.017669
1 0.758001 0.580447 0.018205 0.016696
1 0.668793 0.587471 0.017299 0.014235
1 0.678772 0.568255 0.016340 0.013622
1 0.193049 0.303322 0.016750 0.014871
1 0.619701 0.565569 0.015365 0.016331
1 0.728384 0.636549 0.020248 0.018111
1 0.537334 0.587787 0.049596 0.041065
1 0.395466 0.522129 0.015274 0.011349
1 0.647309 0.553478 0.008208 0.007913
1 0.653105 0.547747 0.010328 0.010668
1 0.171564 0.318225 0.015700 0.013981
1 0.222404 0.280052 0.012037 0.010565
1 0.610398 0.648465 0.068781 0.061614
1 0.271422 0.323500 0.042900 0.032264
1 0.862113 0.655816 0.029871 0.021938
1 0.672624 0.594048 0.015954 0.014143
1 0.228601 0.397730 0.035867 0.026409
1 0.627034 0.563067 0.010113 0.013349
1 0.635709 0.560027 0.009243 0.009739
1 0.642212 0.557704 0.010677 0.010905
1 0.315750 0.420554 0.052801 0.040308
1 0.658919 0.543953 0.011530 0.010824
1 0.573099 0.575678 0.027139 0.025504
1 0.436312 0.574111 0.156912 0.094972
1 0.694076 0.531429 0.008469 0.008189
1 0.837345 0.640721 0.029392 0.027790
1 0.705999 0.552039 0.012238 0.013614
1 0.307502 0.472813 0.056213 0.035409
1 0.836645 0.664204 0.022213 0.017346
1 0.220664 0.457675 0.104405 0.070074
1 0.391693 0.476141 0.037653 0.031467
1 0.682271 0.532612 0.011152 0.006918
1 0.606779 0.571204 0.007065 0.009523
1 0.205649 0.383166 0.018087 0.014217
1 0.565451 0.632539 0.018568 0.015272
1 0.228339 0.335565 0.060870 0.048081
1 0.708431 0.548802 0.018400 0.019887
1 0.820594 0.628223 0.028462 0.025753
1 0.374140 0.382580 0.026254 0.024660
1 0.525865 0.572168 0.039737 0.031359
1 0.209250 0.383056 0.025314 0.014781
1 0.250670 0.263968 0.010749 0.010292
1 0.631794 0.561317 0.009481 0.011415
1 0.596075 0.577652 0.011551 0.015087
1 0.707304 0.550413 0.015246 0.017215
1 0.668043 0.535937 0.013605 0.010638
1 0.559245 0.728075 0.143664 0.132040
1 0.268113 0.309707 0.033970 0.027215
1 0.476079 0.649036 0.078417 0.065606
1 0.306786 0.346423 0.014472 0.012021
1 0.405645 0.466162 0.037374 0.031927
1 0.661874 0.612152 0.040932 0.032671
1 0.677832 0.596292 0.023246 0.016453
1 0.644020 0.556339 0.010078 0.010138
1 0.602215 0.572438 0.007170 0.008372
1 0.286167 0.446052 0.024969 0.025663
1 0.426038 0.509995 0.042487 0.026062
1 0.742520 0.644065 0.023486 0.024552
1 0.315015 0.337817 0.026777 0.015371
1 0.668732 0.537643 0.013711 0.009415
1 0.639530 0.558770 0.010358 0.010672
1 0.355607 0.345912 0.016253 0.013795
1 0.638657 0.596374 0.018771 0.016148
1 0.321982 0.338253 0.013573 0.013041
1 0.582437 0.567166 0.011631 0.010621
1 0.855467 0.640904 0.009715 0.007784
1 0.378842 0.483253 0.026899 0.026127
1 0.162285 0.325799 0.021122 0.018338
