0 0.644395 0.388293 0.054390 0.050855
0 0.474420 0.673104 0.050654 0.047830
0 0.490687 0.767299 0.049256 0.048686
0 0.499540 0.815081 0.051722 0.050503
0 0.671763 0.357962 0.045998 0.041039
0 0.346611 0.330880 0.027891 0.027764
0 0.730566 0.354812 0.036747 0.035807
0 0.726925 0.281652 0.026533 0.025994
0 0.627636 0.211362 0.038863 0.036679
0 0.714466 0.308438 0.034876 0.031992
0 0.435031 0.497656 0.029832 0.025844
0 0.539560 0.317030 0.019707 0.019583
0 0.486880 0.459717 0.016586 0.017315
0 0.469326 0.378971 0.013403 0.012378
0 0.453513 0.385982 0.013744 0.012768
0 0.372721 0.740231 0.012768 0.012526
0 0.377755 0.754443 0.011024 0.011526
0 0.387728 0.822171 0.013858 0.013968
0 0.522197 0.925580 0.112510 0.135443
