0 0.402505 0.461117 0.069329 0.088717
0 0.354167 0.429857 0.058080 0.076320
0 0.302052 0.389347 0.071446 0.082150
0 0.416333 0.369533 0.063357 0.083511
0 0.603526 0.651159 0.063216 0.074655
0 0.286121 0.454654 0.073807 0.086101
0 0.375649 0.340315 0.068565 0.088473
0 0.732437 0.588577 0.050502 0.064935
0 0.748313 0.503146 0.053000 0.066029
0 0.408857 0.246563 0.059479 0.069818
0 0.413990 0.300034 0.063029 0.071778
0 0.289094 0.581099 0.084423 0.095254
0 0.753825 0.399494 0.059676 0.072270
0 0.320149 0.303415 0.075711 0.080533
0 0.786977 0.388569 0.051602 0.069608
0 0.627816 0.538873 0.057359 0.064977
0 0.638898 0.499362 0.031955 0.041373
0 0.599296 0.700043 0.027740 0.036889
0 0.332686 0.349222 0.057725 0.057989
0 0.761960 0.354916 0.041305 0.059631
0 0.617881 0.608040 0.040797 0.046161
0 0.592164 0.729385 0.033405 0.043437
0 0.738478 0.369433 0.026494 0.034845
0 0.743499 0.425687 0.027671 0.034524
0 0.640268 0.428704 0.030240 0.035517
0 0.341561 0.228812 0.075881 0.086268
0 0.649122 0.394919 0.030879 0.040776
0 0.713887 0.614832 0.023880 0.028927
0 0.629868 0.586593 0.029169 0.034880
0 0.701325 0.698769 0.021926 0.026319
0 0.716287 0.647679 0.023452 0.028557
0 0.759335 0.452651 0.036177 0.027822
0 0.767475 0.449852 0.053307 0.034319
0 0.711471 0.685874 0.014271 0.014157
