0 0.118214 0.063247 0.022123 0.023123
0 0.735675 0.568141 0.019987 0.021635
0 0.789435 0.687357 0.020506 0.021769
0 0.287887 0.430497 0.016780 0.018446
0 0.700130 0.583025 0.024235 0.025080
0 0.303726 0.414206 0.017276 0.018792
0 0.071129 0.397279 0.020142 0.021611
0 0.185068 0.283484 0.020462 0.021139
0 0.841974 0.697462 0.024936 0.026100
0 0.103632 0.364740 0.019338 0.021128
0 0.716956 0.566265 0.020890 0.022461
0 0.826209 0.712453 0.024340 0.025802
0 0.241648 0.329611 0.021026 0.022709
0 0.087500 0.380813 0.018870 0.020299
0 0.048620 0.162444 0.030066 0.031306
0 0.788796 0.669373 0.018951 0.020386
0 0.762826 0.610494 0.020480 0.022350
0 0.732038 0.637105 0.019136 0.020983
0 0.626735 0.430584 0.021345 0.023380
0 0.799825 0.927651 0.022937 0.028681
0 0.273702 0.431493 0.018020 0.019109
0 0.320652 0.330405 0.021809 0.023754
0 0.272252 0.311770 0.019242 0.021045
0 0.805393 0.651614 0.020601 0.022199
0 0.201315 0.267467 0.020394 0.021895
0 0.192879 0.378088 0.019962 0.021729
0 0.255860 0.463106 0.018042 0.019045
0 0.564532 0.565914 0.022789 0.025651
0 0.610383 0.447342 0.025921 0.026865
0 0.072187 0.194940 0.022764 0.023758
0 0.750426 0.622542 0.018398 0.020599
0 0.856009 0.682389 0.019679 0.020590
0 0.271771 0.446783 0.017416 0.018941
0 0.750581 0.639185 0.022042 0.022308
0 0.717841 0.584185 0.018714 0.019636
0 0.258056 0.313210 0.020336 0.021510
0 0.289496 0.414648 0.017398 0.018978
0 0.964977 0.785226 0.026324 0.036829
0 0.446153 0.655531 0.027130 0.026887
0 0.954947 0.754688 0.020547 0.025276
0 0.119874 0.348341 0.018968 0.020097
0 0.810798 0.729039 0.022429 0.024286
0 0.257472 0.448109 0.018867 0.019877
0 0.225136 0.345325 0.020223 0.021993
0 0.207058 0.376521 0.019107 0.019438
0 0.734255 0.548395 0.022745 0.024113
0 0.093491 0.122965 0.032708 0.033482
0 0.060342 0.180460 0.021996 0.023018
0 0.593413 0.393242 0.020848 0.022074
0 0.168712 0.299422 0.019053 0.020306
0 0.305803 0.398912 0.017553 0.019273
0 0.648720 0.550611 0.020989 0.022313
0 0.190553 0.392763 0.020240 0.020903
0 0.772014 0.704220 0.020994 0.022883
0 0.768170 0.957335 0.016133 0.020159
0 0.770958 0.685089 0.021064 0.022141
0 0.218103 0.251157 0.020509 0.021344
0 0.055298 0.412764 0.022879 0.024625
0 0.233631 0.235905 0.019820 0.021115
0 0.302979 0.468194 0.018661 0.020656
0 0.402092 0.130927 0.018799 0.018400
0 0.405712 0.288624 0.014484 0.021580
0 0.602845 0.556999 0.030510 0.031960
0 0.650422 0.565047 0.014491 0.015953
0 0.272116 0.378854 0.019897 0.022278
0 0.852738 0.807629 0.021035 0.022054
0 0.238888 0.411069 0.020022 0.021444
0 0.777150 0.934923 0.019203 0.016869
0 0.287166 0.484268 0.017612 0.019166
0 0.102273 0.078772 0.024733 0.027110
0 0.223048 0.427532 0.019960 0.021887
0 0.411809 0.257624 0.014975 0.021136
0 0.836567 0.820792 0.019340 0.019967
0 0.823568 0.653894 0.018404 0.019877
0 0.867837 0.902028 0.013440 0.017830
0 0.867262 0.923509 0.012549 0.016982
0 0.209080 0.361554 0.020310 0.022045
0 0.777499 0.743638 0.019765 0.022878
0 0.868191 0.881231 0.013184 0.019680
0 0.658056 0.462782 0.018027 0.019251
0 0.271320 0.499774 0.018012 0.019700
0 0.656917 0.595509 0.017485 0.018428
0 0.772187 0.913492 0.013328 0.018393
0 0.563641 0.648806 0.011384 0.012268
0 0.593111 0.537394 0.016553 0.017502
0 0.958994 0.830652 0.014696 0.035839
1 0.612369 0.868699 0.014305 0.007594
0 0.570486 0.655536 0.013063 0.012928
1 0.602110 0.874839 0.013612 0.006693
0 0.763189 0.748563 0.012729 0.014376
