0 0.753671 0.618771 0.049151 0.076975
0 0.872101 0.575340 0.045996 0.095354
0 0.739699 0.549291 0.048648 0.075652
0 0.872823 0.444893 0.046650 0.068692
0 0.751194 0.816683 0.058359 0.088561
0 0.825155 0.410802 0.046215 0.070449
0 0.537320 0.208386 0.049956 0.076070
0 0.439106 0.345473 0.055207 0.083786
0 0.487004 0.175574 0.049251 0.076682
0 0.632295 0.278209 0.046575 0.070844
0 0.117353 0.596275 0.038426 0.082349
0 0.437981 0.144033 0.049422 0.084464
0 0.835217 0.612082 0.048390 0.076122
0 0.607122 0.716899 0.051295 0.080010
0 0.728508 0.341704 0.047943 0.076929
0 0.487188 0.383406 0.053977 0.082202
0 0.680903 0.312024 0.049473 0.081644
0 0.789116 0.581031 0.049373 0.073928
0 0.920904 0.478314 0.047552 0.074226
0 0.800095 0.651548 0.048266 0.074821
0 0.778453 0.380112 0.046798 0.073175
0 0.703917 0.781015 0.052823 0.081469
0 0.799961 0.850661 0.052908 0.086101
0 0.166314 0.474165 0.034350 0.074671
0 0.360581 0.338342 0.050534 0.090055
0 0.175569 0.383064 0.038157 0.082256
0 0.141534 0.656158 0.033601 0.079825
