0 0.356405 0.149068 0.161302 0.172925
0 0.562823 0.439581 0.148261 0.170287
0 0.152384 0.398739 0.058899 0.061493
0 0.470777 0.145654 0.091213 0.116657
0 0.587615 0.636074 0.126805 0.143076
0 0.526450 0.257779 0.078887 0.098504
0 0.180184 0.458152 0.057408 0.061672
0 0.666251 0.584273 0.123054 0.126319
0 0.515552 0.548335 0.133880 0.158568
0 0.452855 0.649940 0.118596 0.129442
0 0.756638 0.696292 0.237849 0.233913
0 0.406165 0.554980 0.096229 0.114484
0 0.392474 0.318337 0.108312 0.107617
0 0.357307 0.478220 0.044149 0.051483
0 0.415658 0.378179 0.050842 0.069161
0 0.364543 0.424667 0.112996 0.135550
0 0.389544 0.494152 0.034238 0.040067
0 0.451308 0.320354 0.067130 0.066576
0 0.552721 0.325287 0.100986 0.118060
0 0.818894 0.282881 0.037757 0.040019
0 0.428172 0.247294 0.059093 0.054621
0 0.455414 0.455008 0.081179 0.090292
0 0.275663 0.199679 0.157413 0.166277
