0 0.615959 0.599471 0.026412 0.030570
0 0.863339 0.816558 0.026411 0.031672
0 0.548890 0.462113 0.023937 0.029513
0 0.681068 0.809473 0.025745 0.031385
0 0.611828 0.721840 0.041979 0.048487
0 0.352590 0.314025 0.038430 0.044436
0 0.599651 0.694615 0.025251 0.029882
0 0.664753 0.785653 0.025280 0.030716
0 0.492181 0.418910 0.025499 0.033095
0 0.789333 0.724956 0.025220 0.030980
0 0.476057 0.396055 0.029034 0.033172
0 0.712865 0.727939 0.025463 0.031205
0 0.500117 0.653554 0.034930 0.040163
0 0.250384 0.224997 0.026750 0.025697
0 0.568884 0.488694 0.024224 0.028804
0 0.748509 0.772601 0.024502 0.028913
0 0.528778 0.434933 0.023731 0.028598
0 0.463054 0.661542 0.026979 0.030437
0 0.243078 0.150694 0.018426 0.018383
0 0.161364 0.373421 0.015994 0.026616
0 0.220706 0.149095 0.020183 0.017720
0 0.770187 0.702256 0.024405 0.029700
0 0.634435 0.620606 0.026217 0.031525
0 0.244518 0.311786 0.024079 0.019934
0 0.186130 0.090705 0.021692 0.020344
0 0.224160 0.230216 0.019385 0.019002
0 0.170646 0.148467 0.022909 0.020320
0 0.571261 0.660731 0.024662 0.028208
0 0.218560 0.312976 0.023252 0.020659
0 0.240668 0.445520 0.025216 0.029159
0 0.111048 0.461627 0.016171 0.028900
0 0.615477 0.624094 0.026422 0.032363
0 0.159290 0.404326 0.014173 0.024154
0 0.197053 0.148844 0.022388 0.018686
0 0.135628 0.162094 0.021757 0.018536
0 0.129821 0.130404 0.022512 0.029726
0 0.111189 0.434381 0.014892 0.023735
0 0.541756 0.531073 0.018051 0.023737
0 0.582391 0.681791 0.021241 0.025909
0 0.534405 0.659203 0.027381 0.030575
1 0.656106 0.098651 0.012346 0.014808
