0 0.645832 0.766294 0.045707 0.027464
0 0.605187 0.749259 0.053380 0.029757
0 0.382201 0.360548 0.050312 0.028105
0 0.289476 0.559592 0.045304 0.027485
0 0.247064 0.428763 0.049429 0.030042
0 0.728734 0.803804 0.050709 0.026269
0 0.565820 0.730518 0.050317 0.027997
0 0.607996 0.520582 0.046443 0.024493
0 0.213336 0.444967 0.045870 0.026289
0 0.163501 0.463273 0.043687 0.026770
0 0.686008 0.784954 0.052461 0.028452
0 0.289898 0.339093 0.046944 0.027416
0 0.393678 0.214760 0.049111 0.025772
0 0.460204 0.215903 0.054433 0.029937
0 0.335169 0.273639 0.050585 0.029952
0 0.317589 0.583478 0.048297 0.031403
0 0.664134 0.578343 0.047806 0.024048
0 0.381844 0.630237 0.050568 0.031185
0 0.676176 0.556096 0.043049 0.023853
0 0.350834 0.380102 0.045959 0.027586
0 0.700834 0.499852 0.049054 0.023473
0 0.326376 0.313938 0.053120 0.030270
0 0.776185 0.707522 0.029790 0.025139
0 0.356532 0.246862 0.028855 0.025648
1 0.884314 0.168608 0.029766 0.012572
0 0.573896 0.323471 0.065070 0.037005
1 0.934233 0.191143 0.017696 0.016489
