1 0.273722 0.708305 0.058659 0.023361
1 0.395059 0.307356 0.206318 0.071685
1 0.788771 0.196747 0.308966 0.083364
1 0.204222 0.440130 0.296906 0.071283
1 0.747157 0.107729 0.021387 0.057650
1 0.981444 0.602469 0.015386 0.007751
1 0.764419 0.110545 0.021406 0.049916
1 0.648367 0.324946 0.265045 0.077880
1 0.039324 0.220905 0.006815 0.004092
1 0.163229 0.440344 0.204351 0.071159
1 0.609916 0.570966 0.341231 0.068984
1 0.476488 0.306543 0.377019 0.083219
1 0.619486 0.553491 0.362965 0.106898
1 0.620166 0.574252 0.314096 0.049968
1 0.559161 0.571586 0.247336 0.074002
1 0.396508 0.368856 0.227219 0.074872
1 0.755165 0.202010 0.229189 0.085309
1 0.596163 0.319415 0.338430 0.086507
1 0.388202 0.291207 0.196739 0.025563
1 0.274553 0.458047 0.294599 0.052444
1 0.639492 0.482486 0.285061 0.067051
1 0.758827 0.109031 0.032939 0.054952
1 0.796803 0.101241 0.026101 0.069176
