0 0.187140 0.696322 0.069921 0.046819
0 0.568261 0.479547 0.075385 0.051393
0 0.405863 0.654344 0.089155 0.060190
0 0.659503 0.362219 0.091685 0.063125
0 0.680816 0.302545 0.102281 0.065892
0 0.233568 0.717322 0.071200 0.046290
0 0.883942 0.374966 0.091027 0.061289
0 0.662279 0.203157 0.078517 0.052931
0 0.323169 0.506338 0.094264 0.065191
0 0.587372 0.332507 0.102126 0.068763
0 0.821858 0.409953 0.091239 0.068026
0 0.405874 0.417230 0.096060 0.066451
0 0.348765 0.630212 0.090658 0.060424
0 0.356622 0.667748 0.062850 0.042390
0 0.502992 0.304461 0.095401 0.068679
0 0.729526 0.226533 0.066611 0.047312
0 0.275348 0.743678 0.072399 0.047710
0 0.519594 0.454767 0.076953 0.052288
0 0.434280 0.559411 0.061994 0.038167
0 0.394009 0.688548 0.060420 0.040742
0 0.188101 0.727959 0.064968 0.044487
0 0.222889 0.609198 0.120771 0.071243
0 0.328381 0.759337 0.057796 0.034014
0 0.298984 0.338820 0.064818 0.042618
0 0.226858 0.751244 0.071470 0.047936
0 0.391363 0.627621 0.043850 0.027060
0 0.386735 0.531756 0.046751 0.028788
0 0.055158 0.748440 0.089342 0.052528
0 0.475078 0.579477 0.036883 0.024847
0 0.304066 0.803223 0.051953 0.035201
0 0.471631 0.629561 0.046853 0.029929
1 0.411316 0.985181 0.020224 0.006804
