1 0.688451 0.533199 0.015653 0.026835
1 0.666082 0.538710 0.014266 0.023863
1 0.557340 0.456352 0.032139 0.017315
1 0.694593 0.501989 0.013505 0.021717
1 0.740850 0.517496 0.015499 0.024678
1 0.618685 0.521019 0.016805 0.026918
1 0.629046 0.517860 0.015759 0.025957
1 0.595807 0.528220 0.017043 0.026749
1 0.596314 0.719897 0.021380 0.039413
1 0.640258 0.515719 0.016458 0.026415
1 0.677459 0.535415 0.015018 0.024685
1 0.345950 0.290451 0.033541 0.016056
1 0.514193 0.323334 0.026997 0.013740
1 0.583218 0.562800 0.016581 0.025100
1 0.552382 0.539258 0.015846 0.027949
1 0.541826 0.406913 0.030408 0.016043
1 0.631442 0.827179 0.019757 0.034423
1 0.539117 0.542518 0.015730 0.025132
1 0.284978 0.309803 0.045441 0.020652
1 0.720479 0.586206 0.014112 0.022011
1 0.729853 0.521035 0.016318 0.025767
1 0.700582 0.675243 0.012702 0.020985
1 0.645982 0.813143 0.010277 0.015911
1 0.759975 0.575055 0.014284 0.022755
1 0.563415 0.535573 0.016573 0.028753
1 0.663636 0.508429 0.016714 0.025316
1 0.671738 0.598662 0.013838 0.024049
1 0.535188 0.389014 0.029980 0.016226
1 0.756516 0.659234 0.012512 0.020417
1 0.344385 0.236638 0.018387 0.010375
1 0.617327 0.907993 0.017447 0.010657
1 0.701532 0.592485 0.011671 0.019419
1 0.662139 0.684979 0.013255 0.021978
1 0.738107 0.607674 0.014756 0.021724
1 0.815644 0.765439 0.009938 0.015208
1 0.493416 0.082897 0.022679 0.012164
1 0.602398 0.929903 0.015525 0.009472
1 0.142972 0.167725 0.024945 0.012925
1 0.585637 0.623510 0.013358 0.021704
1 0.407703 0.211455 0.017830 0.009514
1 0.603540 0.236084 0.016528 0.009527
1 0.469684 0.405753 0.028417 0.016302
1 0.684137 0.502605 0.017386 0.028963
1 0.806903 0.767642 0.011212 0.017132
1 0.546702 0.323512 0.025107 0.013987
1 0.463717 0.171948 0.023138 0.013763
1 0.229642 0.176411 0.019601 0.009873
1 0.135389 0.138491 0.021644 0.011922
1 0.448248 0.122045 0.021534 0.010727
1 0.476203 0.425825 0.028771 0.016482
1 0.572303 0.402059 0.026340 0.014625
1 0.655969 0.429663 0.042713 0.020491
1 0.445310 0.431684 0.026987 0.015333
1 0.294689 0.158245 0.018832 0.010722
1 0.612732 0.325625 0.023258 0.013232
1 0.779989 0.774646 0.011408 0.017554
1 0.766029 0.656920 0.012458 0.020242
1 0.617500 0.344218 0.024997 0.013577
1 0.689069 0.620618 0.014288 0.021004
1 0.731603 0.494183 0.013164 0.018280
1 0.758041 0.602494 0.014449 0.023197
1 0.577922 0.107322 0.012730 0.008114
1 0.553861 0.445847 0.028921 0.015838
1 0.751509 0.734941 0.010221 0.016011
1 0.808192 0.828935 0.010028 0.016053
1 0.423948 0.122119 0.016154 0.009934
1 0.576173 0.101609 0.012828 0.008128
1 0.467170 0.396393 0.029797 0.015389
1 0.520473 0.341204 0.027955 0.015619
1 0.522603 0.173223 0.022153 0.012283
1 0.546318 0.898848 0.017581 0.010391
1 0.483785 0.444348 0.028090 0.015932
1 0.442900 0.324197 0.012925 0.021122
1 0.290580 0.142961 0.019876 0.011593
1 0.540387 0.883083 0.016890 0.008896
1 0.303198 0.106143 0.018184 0.009787
1 0.673586 0.313812 0.015733 0.008911
1 0.686905 0.356191 0.015607 0.009450
1 0.599224 0.299381 0.027680 0.015363
1 0.533825 0.133266 0.013676 0.008342
1 0.656254 0.543161 0.016903 0.028615
1 0.458813 0.473371 0.030269 0.016104
1 0.596964 0.840593 0.016494 0.010310
1 0.387694 0.221143 0.018060 0.009866
1 0.432588 0.148281 0.015238 0.008449
1 0.573302 0.839677 0.017832 0.009077
1 0.348771 0.101272 0.017657 0.010287
1 0.604828 0.280762 0.010636 0.016909
1 0.603199 0.618114 0.015589 0.023312
1 0.588657 0.888414 0.020096 0.010311
1 0.680230 0.771158 0.020710 0.011190
1 0.651467 0.605712 0.014782 0.022504
1 0.262754 0.199787 0.019137 0.011460
1 0.435975 0.400647 0.029551 0.015194
1 0.600989 0.856361 0.018199 0.010187
1 0.582501 0.437580 0.023696 0.013271
1 0.629222 0.638031 0.012626 0.021047
1 0.617950 0.698184 0.012466 0.020464
1 0.620107 0.353200 0.026532 0.014066
1 0.707079 0.745811 0.010670 0.017114
1 0.432063 0.072037 0.022291 0.012293
1 0.583977 0.126386 0.012631 0.006782
1 0.316337 0.147534 0.020010 0.010911
1 0.571769 0.564087 0.015624 0.024763
1 0.697571 0.917344 0.008618 0.013472
1 0.815696 0.826592 0.009059 0.014080
1 0.535444 0.867021 0.018767 0.009194
1 0.433337 0.391112 0.028003 0.015232
1 0.146692 0.176306 0.023776 0.013547
1 0.515000 0.304225 0.013920 0.021586
1 0.719159 0.792173 0.010128 0.016078
1 0.633687 0.315745 0.015400 0.008916
1 0.636062 0.547305 0.015393 0.024715
1 0.791785 0.674948 0.012561 0.021807
1 0.716772 0.744400 0.011218 0.017303
1 0.748315 0.662440 0.011688 0.017583
1 0.471998 0.196729 0.022572 0.011697
1 0.514724 0.830224 0.031663 0.015321
1 0.346912 0.093396 0.017283 0.011105
1 0.550088 0.295765 0.011445 0.018820
1 0.319880 0.161588 0.017363 0.010060
1 0.752337 0.844293 0.009531 0.014368
1 0.698815 0.699736 0.012360 0.019097
1 0.586099 0.530665 0.013578 0.022392
1 0.529192 0.121603 0.013387 0.008251
1 0.505494 0.120048 0.023383 0.013324
1 0.719496 0.613028 0.012882 0.021077
1 0.455987 0.463004 0.027177 0.014343
1 0.784009 0.651823 0.013752 0.020554
1 0.574139 0.095626 0.011794 0.007220
1 0.701416 0.817808 0.010657 0.016537
1 0.725482 0.741126 0.011380 0.018980
1 0.452640 0.452106 0.025340 0.014608
1 0.340204 0.222710 0.017269 0.009078
1 0.411771 0.224765 0.016987 0.008996
1 0.652483 0.375156 0.015267 0.008851
1 0.830802 0.842846 0.008881 0.014908
1 0.698781 0.749082 0.011212 0.016338
1 0.415848 0.095391 0.015224 0.008928
1 0.168019 0.155786 0.020678 0.011492
1 0.318931 0.154354 0.017374 0.009765
1 0.466585 0.180280 0.020827 0.011713
1 0.543486 0.236115 0.023915 0.013839
1 0.624139 0.363348 0.023887 0.012539
1 0.449403 0.341015 0.029088 0.015402
1 0.376194 0.186193 0.018616 0.009600
1 0.681807 0.921946 0.009151 0.014043
1 0.653420 0.688172 0.012780 0.020366
1 0.300635 0.098183 0.020002 0.011203
1 0.224651 0.160986 0.022838 0.013257
1 0.654901 0.382096 0.015619 0.009210
1 0.482469 0.230737 0.020754 0.012094
1 0.314526 0.140245 0.018268 0.010648
1 0.479234 0.314610 0.012777 0.020948
1 0.643349 0.690905 0.013759 0.020634
1 0.261099 0.277014 0.020502 0.011160
1 0.511067 0.137792 0.022288 0.010908
1 0.709353 0.527056 0.013962 0.022733
1 0.726417 0.691785 0.012042 0.019456
1 0.753076 0.804093 0.011237 0.016472
1 0.138118 0.148661 0.024888 0.014537
1 0.543814 0.417777 0.026049 0.014464
1 0.595856 0.217331 0.014189 0.007593
1 0.191964 0.229384 0.018846 0.010641
1 0.772165 0.777956 0.011625 0.017783
1 0.793052 0.833286 0.009176 0.014170
1 0.577761 0.627613 0.011875 0.018724
1 0.423123 0.257637 0.019058 0.010757
1 0.669635 0.707792 0.010863 0.020051
1 0.637093 0.328985 0.015522 0.008970
1 0.469711 0.188471 0.021897 0.011850
1 0.273360 0.090218 0.018831 0.010551
1 0.443139 0.105520 0.024863 0.014302
1 0.416611 0.331986 0.012898 0.019264
1 0.602873 0.556625 0.014209 0.023524
1 0.297695 0.091075 0.017092 0.009829
1 0.394109 0.241975 0.018434 0.009926
1 0.614084 0.553975 0.016477 0.025870
1 0.560065 0.567681 0.013866 0.022542
1 0.611504 0.211738 0.013154 0.007955
1 0.246060 0.151177 0.017910 0.010805
1 0.769378 0.729452 0.012241 0.017445
1 0.438672 0.411101 0.028419 0.014999
1 0.197348 0.244977 0.018520 0.010159
1 0.734361 0.739818 0.010704 0.016366
1 0.456610 0.369052 0.026650 0.014013
1 0.762811 0.682413 0.011837 0.021113
1 0.714015 0.500477 0.010330 0.016908
1 0.709054 0.672584 0.013403 0.021508
1 0.798023 0.770048 0.011071 0.017348
1 0.133040 0.130210 0.023485 0.013737
1 0.358208 0.129937 0.018979 0.010926
1 0.650974 0.712152 0.011081 0.019685
1 0.609767 0.700262 0.013292 0.019749
1 0.463563 0.377929 0.030364 0.015881
1 0.364337 0.151393 0.018561 0.009932
1 0.680533 0.680596 0.011721 0.019240
1 0.366721 0.158213 0.019523 0.010103
1 0.404457 0.060154 0.015893 0.008439
1 0.455479 0.221063 0.016017 0.010044
1 0.182544 0.197419 0.020711 0.011954
1 0.323366 0.168287 0.017952 0.011016
1 0.626988 0.695819 0.012356 0.019327
1 0.659467 0.629894 0.013846 0.021875
1 0.691579 0.677217 0.012857 0.019112
1 0.646687 0.764319 0.010669 0.016927
1 0.275282 0.098186 0.018557 0.011540
1 0.303639 0.185900 0.017948 0.009391
1 0.272795 0.235586 0.016520 0.008634
1 0.411817 0.081097 0.014607 0.008460
1 0.457243 0.147431 0.020929 0.012944
1 0.700809 0.398184 0.018472 0.011424
1 0.418518 0.102599 0.015212 0.009041
1 0.621630 0.614921 0.013265 0.020402
1 0.597110 0.282335 0.011809 0.019358
1 0.532532 0.378096 0.029738 0.015737
1 0.663860 0.869056 0.009553 0.015238
1 0.529301 0.191778 0.022351 0.013151
1 0.632739 0.391387 0.025524 0.012564
1 0.585474 0.452615 0.024579 0.015074
1 0.441338 0.421485 0.031097 0.015647
1 0.516923 0.155333 0.021893 0.011661
1 0.728764 0.666824 0.012455 0.020207
1 0.380615 0.200254 0.018063 0.009735
1 0.743783 0.846594 0.009993 0.014855
1 0.172235 0.254822 0.021664 0.012462
1 0.178288 0.271747 0.021221 0.010642
1 0.351274 0.256928 0.019637 0.010753
1 0.454915 0.359464 0.026079 0.013829
1 0.235542 0.115293 0.018782 0.010857
1 0.565432 0.290573 0.012084 0.020961
1 0.796716 0.721788 0.010836 0.016997
1 0.388949 0.149988 0.019082 0.011187
1 0.770667 0.798696 0.010552 0.015672
1 0.564950 0.232065 0.014664 0.007512
1 0.341973 0.230114 0.016561 0.008040
1 0.555992 0.201262 0.013616 0.008031
1 0.743043 0.737277 0.011143 0.017463
1 0.270796 0.228385 0.016667 0.008944
1 0.490759 0.074283 0.023364 0.011673
1 0.435397 0.080578 0.023945 0.012699
1 0.718846 0.523146 0.013643 0.023789
1 0.178752 0.189822 0.020431 0.012223
1 0.679477 0.705404 0.011085 0.019240
1 0.288140 0.135107 0.020433 0.011236
1 0.738942 0.906184 0.009780 0.013971
1 0.382788 0.207945 0.020481 0.012151
1 0.474617 0.204765 0.021980 0.011256
1 0.554013 0.195017 0.013584 0.008403
1 0.562861 0.375152 0.025443 0.013216
1 0.631986 0.609997 0.013323 0.022899
1 0.536001 0.138752 0.014235 0.008240
1 0.329777 0.262553 0.017962 0.009937
1 0.486370 0.238673 0.024041 0.012585
1 0.750229 0.578282 0.015317 0.022504
1 0.837917 0.841533 0.011162 0.017042
1 0.692729 0.821189 0.010394 0.016445
1 0.450338 0.200745 0.013882 0.009211
1 0.636021 0.402222 0.025067 0.012867
1 0.586069 0.132864 0.011486 0.006637
1 0.727055 0.851446 0.009126 0.015276
1 0.162249 0.221196 0.021614 0.011135
1 0.167717 0.237595 0.023032 0.012355
1 0.337465 0.215919 0.017245 0.010052
1 0.824412 0.763318 0.008299 0.011763
1 0.372976 0.100903 0.019384 0.010774
1 0.576149 0.846364 0.017032 0.009775
1 0.769331 0.897063 0.008903 0.014574
1 0.188961 0.306049 0.024797 0.012642
1 0.452394 0.321883 0.012026 0.020274
1 0.194685 0.236489 0.019808 0.010459
1 0.662951 0.888467 0.010055 0.015526
1 0.650180 0.368169 0.016749 0.009906
1 0.545733 0.169555 0.013484 0.007892
1 0.324894 0.174939 0.017611 0.009633
1 0.820445 0.844612 0.009479 0.014621
1 0.212525 0.126263 0.020697 0.011966
1 0.427441 0.381501 0.029126 0.015091
1 0.656778 0.388531 0.015668 0.009130
1 0.638201 0.814760 0.009008 0.016661
1 0.717076 0.694657 0.011232 0.019805
1 0.360604 0.137560 0.019989 0.011481
1 0.346307 0.243489 0.016871 0.010312
1 0.257855 0.185398 0.018023 0.010948
1 0.281504 0.112775 0.019685 0.010700
1 0.607073 0.874788 0.017543 0.009191
1 0.248068 0.236038 0.021677 0.012616
1 0.638323 0.412026 0.028707 0.015723
1 0.582566 0.870554 0.021028 0.009389
1 0.181244 0.280978 0.023075 0.012135
1 0.459346 0.156045 0.021783 0.011001
1 0.476260 0.851563 0.013837 0.008740
1 0.557819 0.294449 0.010239 0.016419
1 0.743870 0.806275 0.010094 0.015850
1 0.726176 0.871094 0.009436 0.014218
1 0.690076 0.594976 0.011958 0.019879
1 0.496758 0.092254 0.022377 0.012375
1 0.578307 0.854575 0.019553 0.011679
1 0.426620 0.056172 0.022101 0.012944
1 0.420625 0.350883 0.023649 0.010521
