1 0.400483 0.501159 0.030160 0.018094
1 0.392560 0.490304 0.021399 0.012556
1 0.415434 0.466952 0.023108 0.015866
1 0.433027 0.483995 0.031545 0.019326
1 0.381896 0.473112 0.031017 0.020972
1 0.198888 0.388396 0.014789 0.025142
1 0.408490 0.461815 0.022509 0.014157
1 0.416627 0.514623 0.020420 0.014530
1 0.954807 0.282534 0.015548 0.014456
1 0.436193 0.494501 0.021428 0.013540
1 0.440172 0.502236 0.021565 0.013280
1 0.435933 0.513095 0.021704 0.014659
1 0.455355 0.442642 0.017425 0.014215
1 0.014126 0.008324 0.010646 0.015176
1 0.325037 0.328279 0.018969 0.012791
1 0.424077 0.475868 0.020249 0.013548
1 0.623502 0.724186 0.014432 0.009991
1 0.184666 0.021912 0.014861 0.015076
1 0.461986 0.447338 0.017583 0.012912
1 0.980188 0.372049 0.018435 0.014037
1 0.959397 0.374812 0.012229 0.013201
1 0.654188 0.060871 0.012113 0.022686
1 0.475200 0.435847 0.015815 0.015616
1 0.652558 0.347738 0.015463 0.013577
1 0.171524 0.057654 0.010739 0.012746
1 0.767830 0.294489 0.020570 0.012472
1 0.437662 0.507073 0.023990 0.021068
