1 0.915753 0.730086 0.044000 0.124885
1 0.428493 0.121609 0.033821 0.011646
1 0.625309 0.238434 0.302745 0.051033
1 0.683407 0.235848 0.392101 0.059882
1 0.396709 0.146297 0.104574 0.038047
1 0.251065 0.254936 0.283583 0.042637
1 0.845607 0.026565 0.035462 0.052654
1 0.259246 0.525835 0.224477 0.040674
1 0.647297 0.943613 0.041702 0.024955
1 0.823709 0.026970 0.024103 0.053052
1 0.294470 0.521657 0.280291 0.036581
1 0.295215 0.526494 0.295244 0.050063
1 0.862293 0.068319 0.005829 0.009726
1 0.105397 0.581461 0.028079 0.056756
