1 0.676266 0.172529 0.026824 0.022021
1 0.139207 0.617657 0.029328 0.022884
1 0.785197 0.240185 0.029276 0.022936
1 0.416939 0.785464 0.033692 0.025333
1 0.250174 0.600162 0.025850 0.019685
1 0.463142 0.812820 0.032211 0.025385
1 0.380305 0.763420 0.028803 0.022483
1 0.601957 0.406099 0.018615 0.013506
1 0.769024 0.144493 0.029057 0.021864
1 0.206998 0.573234 0.028561 0.022036
1 0.215236 0.664184 0.026184 0.019684
1 0.399588 0.565090 0.022072 0.017788
1 0.181320 0.644194 0.027457 0.021572
1 0.779548 0.152508 0.028436 0.022589
1 0.714049 0.112691 0.029147 0.023395
1 0.709666 0.193118 0.027237 0.021887
1 0.854392 0.199136 0.033638 0.026863
1 0.440639 0.798980 0.029138 0.022888
1 0.405772 0.778062 0.031313 0.022591
1 0.556614 0.229368 0.021988 0.016787
1 0.429969 0.790859 0.032497 0.025128
1 0.183620 0.560634 0.028116 0.022174
1 0.471582 0.820917 0.026489 0.021384
1 0.148573 0.625332 0.025608 0.021440
1 0.642839 0.279705 0.024096 0.020733
1 0.623632 0.468470 0.026882 0.019699
1 0.533646 0.657309 0.033000 0.025927
1 0.293659 0.627365 0.028667 0.022863
1 0.237290 0.678308 0.025398 0.020632
1 0.844660 0.192435 0.029195 0.024338
1 0.297968 0.503200 0.021110 0.017172
1 0.617532 0.460597 0.023939 0.017390
1 0.877624 0.214048 0.035450 0.027293
1 0.498985 0.656608 0.021046 0.017264
1 0.721074 0.200066 0.025468 0.020748
1 0.794691 0.248909 0.033252 0.027130
1 0.391396 0.770829 0.030335 0.024442
1 0.674731 0.385157 0.018088 0.014289
1 0.249356 0.503505 0.023204 0.017048
1 0.359528 0.571670 0.023257 0.019034
1 0.295188 0.532004 0.023017 0.017549
1 0.204726 0.658603 0.026447 0.020278
1 0.735747 0.124485 0.027378 0.022508
1 0.355321 0.479508 0.017950 0.014294
1 0.171496 0.637503 0.024883 0.020126
1 0.594159 0.336074 0.018929 0.015727
1 0.609838 0.392433 0.018196 0.014891
1 0.259170 0.692256 0.027206 0.021068
1 0.774864 0.445138 0.023438 0.010133
1 0.744885 0.507778 0.025907 0.012158
1 0.671097 0.296785 0.020963 0.017211
1 0.584584 0.611337 0.025992 0.022923
1 0.666801 0.380180 0.017243 0.014162
1 0.325685 0.519408 0.022235 0.017961
1 0.510452 0.633578 0.020228 0.015618
1 0.697896 0.186671 0.024835 0.019627
1 0.691811 0.279471 0.022486 0.019214
1 0.728993 0.302380 0.022458 0.018157
1 0.719513 0.295834 0.023357 0.018174
1 0.865565 0.207636 0.031383 0.023831
1 0.619161 0.325481 0.016727 0.014068
1 0.687937 0.179861 0.027186 0.021374
1 0.330918 0.464365 0.018552 0.015590
1 0.773123 0.233652 0.023556 0.019424
1 0.314591 0.605438 0.023199 0.018452
1 0.335014 0.737248 0.027669 0.021104
1 0.740560 0.213603 0.026601 0.021562
1 0.344776 0.744853 0.025899 0.021056
1 0.316277 0.638552 0.026283 0.020423
1 0.584277 0.395242 0.015705 0.011156
1 0.488618 0.488673 0.017475 0.015190
1 0.279108 0.491662 0.021689 0.018954
1 0.650080 0.191116 0.020607 0.016843
1 0.489060 0.534049 0.018413 0.015917
1 0.546739 0.457575 0.032719 0.025197
1 0.270550 0.614001 0.025731 0.021466
1 0.364172 0.483867 0.018463 0.013952
1 0.624846 0.238159 0.020252 0.017629
1 0.350867 0.566352 0.024279 0.019391
1 0.667851 0.201695 0.024053 0.020035
1 0.426296 0.703526 0.017692 0.015679
1 0.480287 0.484193 0.018457 0.014971
1 0.602541 0.558363 0.016441 0.013111
1 0.332139 0.555441 0.022343 0.018314
1 0.493550 0.834227 0.029387 0.023721
1 0.595186 0.310999 0.019151 0.015892
1 0.835356 0.184184 0.025682 0.021265
1 0.759434 0.475713 0.025245 0.011068
1 0.521104 0.266818 0.016370 0.014189
1 0.304961 0.633587 0.028985 0.023175
1 0.227806 0.586546 0.023296 0.019359
1 0.193291 0.652206 0.027556 0.021628
1 0.380558 0.678417 0.020677 0.018525
1 0.799592 0.165616 0.023358 0.019471
1 0.574833 0.238680 0.022917 0.016960
1 0.350627 0.627396 0.021614 0.018693
1 0.587296 0.215379 0.023409 0.019179
1 0.323546 0.730664 0.025710 0.021511
1 0.323357 0.611604 0.022355 0.018388
1 0.454547 0.599058 0.020415 0.016214
1 0.675105 0.435508 0.022787 0.019624
1 0.676758 0.207184 0.019958 0.016956
1 0.434882 0.708291 0.016714 0.014138
1 0.833149 0.315612 0.020501 0.009170
1 0.413093 0.490000 0.017852 0.014839
1 0.334813 0.525617 0.020152 0.015983
1 0.282920 0.619992 0.029022 0.022148
1 0.593671 0.251235 0.025098 0.019381
1 0.258683 0.509725 0.023454 0.017581
1 0.260506 0.607624 0.028492 0.022477
1 0.161532 0.629964 0.030741 0.024694
1 0.277249 0.520892 0.022292 0.017315
1 0.568572 0.321496 0.019737 0.015123
1 0.811028 0.365390 0.022515 0.009837
1 0.413289 0.666241 0.020471 0.015783
1 0.438986 0.504164 0.018207 0.013734
1 0.626614 0.356124 0.018377 0.014728
1 0.261921 0.481354 0.020133 0.015979
1 0.461949 0.633511 0.024484 0.017854
1 0.341425 0.622361 0.020931 0.016761
1 0.652172 0.285316 0.019764 0.016440
1 0.217114 0.580442 0.025024 0.020178
1 0.472240 0.478946 0.018260 0.014587
1 0.342257 0.656335 0.023057 0.018246
1 0.725224 0.118061 0.028045 0.021642
1 0.552661 0.599204 0.018539 0.015294
1 0.695290 0.395848 0.021071 0.016688
1 0.269502 0.487107 0.020962 0.015760
1 0.487038 0.558808 0.015827 0.012579
1 0.466486 0.699726 0.020514 0.018865
1 0.372053 0.547507 0.023283 0.018834
1 0.737663 0.654023 0.034375 0.010455
1 0.428687 0.523287 0.021336 0.018468
1 0.247770 0.685614 0.027539 0.020348
1 0.817618 0.351796 0.018533 0.008833
1 0.381877 0.468682 0.018257 0.015074
1 0.578356 0.461589 0.033069 0.020812
1 0.424008 0.611612 0.018623 0.015473
1 0.410014 0.570623 0.022791 0.017221
1 0.442638 0.622262 0.022575 0.017065
1 0.761574 0.467732 0.028534 0.012823
1 0.313049 0.724556 0.027100 0.020196
1 0.387167 0.649556 0.021100 0.016243
1 0.627282 0.330289 0.017651 0.014945
1 0.390783 0.428668 0.016155 0.012898
1 0.426890 0.581826 0.020251 0.016976
1 0.406142 0.484252 0.017130 0.013792
1 0.301694 0.717573 0.028558 0.021210
1 0.754803 0.254947 0.022638 0.017728
1 0.323053 0.549517 0.022130 0.018467
1 0.585871 0.330604 0.018714 0.015915
1 0.559305 0.513041 0.017150 0.012031
1 0.709100 0.320651 0.024694 0.020493
1 0.739686 0.516326 0.029520 0.012464
1 0.527722 0.583132 0.017357 0.014025
1 0.416816 0.699373 0.019712 0.016257
1 0.738156 0.642937 0.032837 0.009433
1 0.577466 0.325362 0.018586 0.014404
1 0.642270 0.412305 0.017759 0.014882
1 0.373406 0.463621 0.018182 0.014752
1 0.326800 0.643481 0.020419 0.016311
1 0.689563 0.308772 0.020059 0.017376
1 0.285751 0.526576 0.022948 0.017404
1 0.790320 0.157525 0.026291 0.022538
1 0.529127 0.295120 0.018620 0.014134
1 0.562290 0.578930 0.017464 0.013644
1 0.290426 0.711325 0.026945 0.021072
1 0.422167 0.671573 0.022588 0.018079
1 0.304990 0.537706 0.022490 0.017557
1 0.502510 0.328314 0.017383 0.014794
1 0.436434 0.587328 0.021423 0.017242
1 0.710441 0.380409 0.015731 0.014118
1 0.397631 0.479157 0.015898 0.013952
1 0.536454 0.348021 0.017686 0.014182
1 0.807860 0.372781 0.021228 0.009476
1 0.529612 0.271232 0.017991 0.014911
1 0.195768 0.567609 0.028093 0.022204
1 0.396165 0.594656 0.022726 0.018151
1 0.269973 0.697763 0.025170 0.020304
1 0.371520 0.488521 0.018058 0.014215
1 0.455684 0.514240 0.016886 0.013436
1 0.482383 0.827287 0.025727 0.020726
1 0.544109 0.594272 0.021534 0.018208
1 0.479436 0.529488 0.018744 0.014749
1 0.478620 0.554120 0.017298 0.014462
1 0.334968 0.649235 0.021001 0.017484
1 0.618418 0.350508 0.019198 0.015836
1 0.378584 0.582145 0.025287 0.020321
1 0.824789 0.337651 0.020466 0.009032
1 0.737694 0.524539 0.027442 0.011819
1 0.845174 0.287592 0.022731 0.011142
1 0.623607 0.268328 0.022743 0.019419
1 0.422356 0.494416 0.015746 0.013324
1 0.289050 0.496802 0.020044 0.016702
1 0.270318 0.578076 0.021999 0.018450
1 0.654205 0.157780 0.032773 0.024436
1 0.260217 0.573255 0.021984 0.018920
1 0.836910 0.308709 0.018780 0.008830
1 0.611840 0.320759 0.017129 0.015233
1 0.446525 0.534057 0.018832 0.016598
1 0.578228 0.588245 0.017337 0.014027
1 0.340882 0.560658 0.022161 0.019375
1 0.825910 0.329840 0.023431 0.010194
1 0.362522 0.665835 0.018850 0.015182
1 0.587300 0.549018 0.016849 0.014466
1 0.529773 0.644551 0.021043 0.016402
1 0.700955 0.284376 0.019172 0.016555
1 0.718295 0.325836 0.022560 0.019240
1 0.730799 0.540318 0.022323 0.009799
1 0.763305 0.226362 0.027556 0.021944
1 0.381925 0.424900 0.016941 0.014516
1 0.711206 0.229132 0.023482 0.018910
1 0.459788 0.722064 0.018777 0.015716
1 0.680225 0.303157 0.021677 0.017316
1 0.751990 0.491315 0.029593 0.011338
1 0.634085 0.243822 0.021023 0.018220
1 0.554207 0.311114 0.018589 0.014452
1 0.754429 0.482988 0.025510 0.010938
1 0.617506 0.396877 0.018293 0.013845
1 0.233290 0.557012 0.021051 0.016990
1 0.463959 0.474305 0.017289 0.013569
1 0.413493 0.512849 0.018391 0.015677
1 0.366237 0.414849 0.017904 0.014606
1 0.398830 0.433444 0.017517 0.014224
1 0.497231 0.539177 0.018448 0.015027
1 0.536805 0.564485 0.016020 0.013091
1 0.633958 0.407967 0.017895 0.014372
1 0.404513 0.508967 0.017745 0.014917
1 0.216196 0.545930 0.023742 0.018506
1 0.758351 0.713076 0.025251 0.008003
1 0.536183 0.588736 0.018626 0.014836
1 0.471150 0.524652 0.016069 0.013078
1 0.665559 0.167413 0.025539 0.019749
1 0.574105 0.887406 0.024740 0.016827
1 0.333049 0.617354 0.022068 0.017696
1 0.570185 0.295368 0.018163 0.014420
1 0.857898 0.259277 0.021371 0.009333
1 0.684591 0.212515 0.023067 0.018411
1 0.614049 0.262116 0.021287 0.016543
1 0.512832 0.549347 0.017255 0.013903
1 0.734842 0.532770 0.023552 0.010284
1 0.479760 0.645744 0.022288 0.020078
1 0.343338 0.530998 0.020339 0.018513
1 0.449319 0.688125 0.022163 0.017714
1 0.439301 0.458930 0.016265 0.014118
1 0.585745 0.595161 0.017643 0.013723
1 0.597023 0.221662 0.019302 0.015739
1 0.560591 0.603469 0.018345 0.015105
1 0.451600 0.805932 0.029963 0.023409
1 0.568589 0.608351 0.017046 0.013369
1 0.494037 0.563482 0.019466 0.015782
1 0.661001 0.291543 0.021492 0.017551
1 0.418154 0.576245 0.022329 0.017570
1 0.454559 0.539390 0.018535 0.015344
1 0.433453 0.617339 0.021063 0.016903
1 0.339065 0.470129 0.016952 0.014305
1 0.313875 0.544218 0.023075 0.017751
1 0.513244 0.503891 0.015464 0.013434
1 0.415678 0.605010 0.023647 0.019849
1 0.625312 0.402576 0.016685 0.013702
1 0.553104 0.285448 0.016622 0.014009
1 0.226669 0.671330 0.027202 0.019767
1 0.368691 0.755738 0.035918 0.028295
1 0.550817 0.892593 0.017830 0.011173
1 0.769732 0.452576 0.028058 0.011890
1 0.659602 0.375212 0.016753 0.013556
1 0.741661 0.666154 0.035476 0.010365
1 0.641762 0.186480 0.020155 0.018887
1 0.472438 0.610378 0.023094 0.018109
1 0.305880 0.599974 0.022850 0.018244
1 0.720153 0.232701 0.022889 0.018527
1 0.577234 0.212879 0.016203 0.013167
1 0.392269 0.682869 0.020310 0.016678
1 0.789053 0.417371 0.020682 0.009250
1 0.634578 0.360929 0.016161 0.014725
1 0.598719 0.537612 0.020012 0.011893
1 0.635103 0.336161 0.016451 0.012482
1 0.736796 0.244263 0.022796 0.020469
1 0.710508 0.290241 0.020997 0.017925
1 0.505160 0.544951 0.017734 0.013676
1 0.488410 0.470781 0.021351 0.013839
1 0.661819 0.261441 0.019263 0.016784
1 0.730751 0.206095 0.026421 0.022715
1 0.545617 0.568641 0.018145 0.015191
1 0.356317 0.454567 0.016820 0.014317
1 0.691699 0.370031 0.017195 0.014623
1 0.482059 0.615858 0.020979 0.017852
1 0.804528 0.380497 0.021109 0.009855
1 0.472375 0.308819 0.018479 0.014349
1 0.683419 0.366253 0.017970 0.015426
1 0.452438 0.717624 0.018342 0.013907
1 0.693402 0.216899 0.020720 0.016833
1 0.537080 0.300837 0.017031 0.013605
1 0.348667 0.449473 0.018670 0.014774
1 0.380564 0.493403 0.018320 0.016064
1 0.732245 0.564220 0.022278 0.006364
1 0.880369 0.573181 0.009439 0.014157
1 0.409146 0.693533 0.020814 0.017440
1 0.730178 0.238573 0.020114 0.018376
1 0.404250 0.660302 0.020275 0.015870
