1 0.052040 0.482133 0.044123 0.107416
1 0.575415 0.115451 0.019497 0.044753
1 0.497002 0.339392 0.020094 0.043129
1 0.675521 0.208692 0.018387 0.038630
1 0.152854 0.830098 0.019176 0.052748
1 0.372095 0.747164 0.022342 0.050553
1 0.045025 0.047638 0.023306 0.051805
1 0.078444 0.461311 0.045851 0.113610
1 0.436898 0.379071 0.018611 0.042425
1 0.115418 0.581741 0.023490 0.060305
1 0.196869 0.799240 0.018892 0.049881
1 0.139463 0.565149 0.026133 0.060530
1 0.399493 0.457357 0.019947 0.043358
1 0.479614 0.403021 0.015611 0.039857
1 0.181891 0.531524 0.023296 0.052472
1 0.162015 0.751724 0.024627 0.057472
1 0.483084 0.653693 0.018821 0.040956
1 0.315801 0.457297 0.020391 0.041030
1 0.184469 0.729730 0.029186 0.071392
1 0.083382 0.800486 0.022816 0.055451
1 0.457750 0.366838 0.018573 0.038923
1 0.490413 0.397530 0.017910 0.041038
1 0.509137 0.382794 0.016236 0.037140
1 0.252196 0.763863 0.019984 0.051580
1 0.214875 0.108632 0.019862 0.035780
1 0.499919 0.391138 0.014991 0.037348
1 0.113879 0.457887 0.035972 0.083879
1 0.447490 0.372618 0.018097 0.041286
1 0.636069 0.079765 0.017535 0.039917
1 0.564062 0.123267 0.019079 0.040916
1 0.099688 0.464825 0.034804 0.089068
1 0.271812 0.753750 0.020116 0.048976
1 0.228066 0.785495 0.022815 0.058949
1 0.585788 0.110946 0.016458 0.040670
1 0.626254 0.086687 0.016848 0.036446
1 0.670997 0.347376 0.014139 0.031710
1 0.467773 0.666168 0.016823 0.033384
1 0.745312 0.301942 0.012729 0.030097
1 0.453590 0.216466 0.022836 0.024716
1 0.784203 0.649451 0.014203 0.028320
1 0.487598 0.698091 0.016397 0.033054
1 0.685970 0.204213 0.014678 0.032939
1 0.679370 0.051730 0.017383 0.037807
1 0.780925 0.405029 0.016625 0.034439
1 0.552105 0.656911 0.014976 0.033210
1 0.339738 0.633916 0.021095 0.047750
1 0.520732 0.379847 0.018155 0.043794
1 0.678565 0.107469 0.019066 0.045991
1 0.477782 0.353904 0.018530 0.040778
1 0.498828 0.645122 0.016417 0.039137
1 0.615746 0.091571 0.018285 0.041704
1 0.110871 0.210789 0.020365 0.046867
1 0.753395 0.460752 0.010150 0.023175
1 0.469647 0.409494 0.015862 0.037422
1 0.681774 0.471581 0.016355 0.034017
1 0.153861 0.436010 0.030212 0.071810
1 0.336591 0.445960 0.017642 0.037352
1 0.604812 0.255690 0.017210 0.034739
1 0.516855 0.328155 0.020995 0.043940
1 0.579847 0.592050 0.017233 0.039330
1 0.316086 0.506233 0.016141 0.039153
1 0.658552 0.119566 0.018120 0.043603
1 0.240300 0.024594 0.043164 0.043077
1 0.607180 0.147833 0.016045 0.037851
1 0.595188 0.106155 0.018354 0.040089
1 0.564107 0.603292 0.016732 0.035659
1 0.443072 0.426972 0.019969 0.039367
1 0.035016 0.633006 0.028834 0.067577
1 0.789676 0.437987 0.009646 0.025378
1 0.408764 0.397518 0.021833 0.042369
1 0.601006 0.627169 0.016345 0.035620
1 0.687782 0.247020 0.014953 0.036730
1 0.422625 0.740357 0.015660 0.033426
1 0.163446 0.823030 0.017234 0.049665
1 0.259853 0.086234 0.020734 0.028080
1 0.117377 0.182640 0.020079 0.041499
1 0.199897 0.726156 0.028510 0.060767
1 0.454478 0.717672 0.017070 0.033298
1 0.381220 0.172498 0.022960 0.024054
1 0.681274 0.510944 0.010150 0.023535
1 0.804875 0.741845 0.010533 0.022459
1 0.814290 0.516891 0.011062 0.022312
1 0.478657 0.704585 0.014249 0.034165
1 0.628111 0.134740 0.016625 0.038352
1 0.543352 0.663794 0.015384 0.037508
1 0.714139 0.583513 0.014207 0.031940
1 0.696187 0.240338 0.013783 0.031958
1 0.761835 0.664946 0.014417 0.030693
1 0.443992 0.680832 0.015248 0.035667
1 0.328091 0.501098 0.016524 0.043894
1 0.639960 0.276242 0.013167 0.029563
1 0.705489 0.368852 0.014190 0.033627
1 0.598334 0.156219 0.016882 0.040137
1 0.514854 0.633607 0.015368 0.037012
1 0.079744 0.177179 0.028934 0.063667
1 0.402530 0.705999 0.016262 0.036580
1 0.701596 0.194188 0.014904 0.033820
1 0.813055 0.630707 0.013647 0.029280
1 0.750219 0.742962 0.013657 0.030754
1 0.712176 0.231052 0.016001 0.033981
1 0.752070 0.630033 0.013341 0.030328
1 0.796153 0.434349 0.010347 0.024068
1 0.741697 0.470129 0.010221 0.022994
1 0.359751 0.481299 0.017901 0.046364
1 0.203324 0.121533 0.021730 0.042470
1 0.586084 0.159978 0.013603 0.037638
1 0.508177 0.636689 0.014776 0.036722
1 0.765548 0.416607 0.017593 0.037437
1 0.102624 0.016255 0.020157 0.032510
1 0.411976 0.700586 0.017191 0.034352
1 0.733195 0.439822 0.015824 0.032697
1 0.458795 0.415486 0.016112 0.036279
1 0.518874 0.677074 0.012334 0.033184
1 0.445576 0.064234 0.012079 0.025526
1 0.173382 0.818437 0.018436 0.051599
1 0.168109 0.023431 0.021656 0.046862
1 0.117861 0.043628 0.016946 0.028004
1 0.613999 0.290915 0.013119 0.031305
1 0.572013 0.174487 0.019339 0.042672
1 0.848259 0.717017 0.013885 0.026643
1 0.804806 0.391737 0.015680 0.033151
1 0.769160 0.515721 0.007999 0.019515
1 0.519530 0.540725 0.018169 0.034569
1 0.693406 0.503207 0.011066 0.025385
1 0.729243 0.224081 0.016582 0.041462
1 0.729520 0.479946 0.010983 0.023815
1 0.737284 0.215442 0.013700 0.033438
1 0.652885 0.224105 0.015591 0.035472
1 0.829758 0.727258 0.011217 0.022715
1 0.511207 0.681600 0.013471 0.030004
1 0.527138 0.674726 0.015051 0.035937
1 0.808551 0.427649 0.010023 0.022447
1 0.398031 0.755352 0.016011 0.032969
1 0.773081 0.451844 0.012442 0.027266
1 0.384977 0.719765 0.019074 0.037548
1 0.797867 0.638595 0.014005 0.025679
1 0.636345 0.235714 0.013941 0.032347
1 0.632504 0.283781 0.017087 0.039588
1 0.725672 0.177771 0.015402 0.034438
1 0.427291 0.691119 0.015140 0.035473
1 0.689994 0.378181 0.013846 0.030015
1 0.679329 0.250783 0.011779 0.029327
1 0.547485 0.614252 0.015728 0.036269
1 0.810952 0.593635 0.013764 0.030666
1 0.470844 0.707349 0.014816 0.031964
1 0.854888 0.567748 0.013181 0.029444
1 0.527855 0.626110 0.020387 0.039802
1 0.648078 0.122248 0.018109 0.039239
1 0.733153 0.682639 0.012057 0.027054
1 0.389451 0.759290 0.014007 0.030693
1 0.786698 0.500833 0.012068 0.026351
1 0.738213 0.641432 0.013704 0.028059
1 0.747654 0.670260 0.009847 0.022003
1 0.793424 0.750570 0.011576 0.025056
1 0.467301 0.360630 0.016172 0.039035
1 0.576180 0.642233 0.013733 0.033393
1 0.848809 0.606604 0.011506 0.027438
1 0.720713 0.574402 0.009305 0.020667
1 0.783386 0.440936 0.010278 0.020872
1 0.290067 0.672286 0.023705 0.053986
1 0.622940 0.287963 0.015316 0.035355
1 0.107361 0.052911 0.015670 0.026532
1 0.839867 0.574512 0.013623 0.030588
1 0.661657 0.220119 0.014368 0.034797
1 0.741203 0.561992 0.009528 0.022612
1 0.671481 0.256438 0.014342 0.034299
1 0.797103 0.605601 0.012622 0.026006
1 0.696059 0.561866 0.008870 0.019822
1 0.087814 0.021408 0.027380 0.042817
1 0.881543 0.659902 0.013327 0.028317
1 0.091705 0.600613 0.026161 0.070544
1 0.701607 0.558492 0.008495 0.017441
1 0.735101 0.474445 0.010261 0.022948
1 0.774438 0.513027 0.008691 0.019269
1 0.123166 0.022007 0.016587 0.030760
1 0.762013 0.516465 0.011340 0.026662
1 0.798376 0.497083 0.009088 0.020938
1 0.692673 0.199388 0.013914 0.031822
1 0.724447 0.649115 0.011231 0.026435
1 0.746942 0.465157 0.009488 0.022835
1 0.662757 0.260394 0.013098 0.031306
1 0.620688 0.245813 0.013738 0.033292
1 0.340757 0.491568 0.017926 0.039895
1 0.745331 0.636007 0.013026 0.028788
1 0.654684 0.266951 0.014204 0.034484
1 0.300818 0.499522 0.022278 0.047443
1 0.735452 0.304096 0.014728 0.036402
1 0.711687 0.490139 0.011719 0.024211
1 0.592061 0.631188 0.014192 0.032763
1 0.503040 0.687474 0.014632 0.031820
1 0.832677 0.579461 0.011795 0.032917
1 0.429964 0.435122 0.015975 0.037136
1 0.766392 0.734359 0.011885 0.028963
1 0.822951 0.729779 0.010336 0.022378
1 0.725680 0.544342 0.008654 0.017390
1 0.344854 0.489740 0.018840 0.040254
1 0.802467 0.430721 0.009798 0.021945
1 0.759553 0.295128 0.012020 0.025973
1 0.768167 0.621646 0.013285 0.029572
1 0.617606 0.140027 0.016423 0.036364
1 0.206404 0.793452 0.015159 0.050649
1 0.643981 0.228612 0.014208 0.034047
1 0.825509 0.585725 0.012290 0.028239
1 0.841332 0.611567 0.011134 0.028186
1 0.363534 0.479381 0.023963 0.046346
1 0.761591 0.767109 0.009786 0.019383
1 0.388634 0.462114 0.016459 0.038842
1 0.805399 0.493319 0.009485 0.019474
1 0.754581 0.335442 0.009303 0.020663
1 0.287724 0.060968 0.009301 0.023125
1 0.156647 0.034744 0.009896 0.018991
1 0.837898 0.503531 0.010162 0.023687
1 0.567631 0.646824 0.014447 0.036264
1 0.716294 0.652912 0.012397 0.029484
1 0.080503 0.096841 0.021753 0.022935
1 0.141845 0.033263 0.016224 0.033328
1 0.390600 0.087029 0.024444 0.018390
1 0.100405 0.862379 0.017799 0.045117
1 0.889512 0.686251 0.009402 0.019080
1 0.737850 0.535440 0.010038 0.019515
1 0.811607 0.737972 0.009613 0.022138
1 0.865465 0.702135 0.009149 0.018254
1 0.149725 0.150680 0.013743 0.024977
1 0.476462 0.231283 0.009700 0.020092
1 0.203960 0.157936 0.014314 0.028051
1 0.765505 0.452031 0.007521 0.021109
1 0.231673 0.013428 0.034880 0.026855
1 0.229736 0.139735 0.015117 0.028686
1 0.439454 0.069096 0.011795 0.024676
1 0.584597 0.637397 0.014196 0.035533
1 0.277783 0.107684 0.018205 0.025683
1 0.138590 0.204375 0.010538 0.020635
1 0.088698 0.056906 0.021091 0.032849
1 0.388009 0.260251 0.015742 0.017361
1 0.722729 0.480798 0.008479 0.020674
1 0.067148 0.025458 0.024767 0.037874
1 0.244935 0.125785 0.020835 0.046014
1 0.716952 0.182761 0.016573 0.035429
1 0.674030 0.511811 0.008836 0.021012
1 0.138224 0.163618 0.015068 0.030740
1 0.132178 0.008866 0.010730 0.017733
1 0.159010 0.182231 0.018378 0.038548
1 0.507094 0.853111 0.012191 0.025546
1 0.149688 0.195637 0.013400 0.027650
1 0.267512 0.123525 0.010580 0.018720
1 0.257545 0.032367 0.015403 0.016478
1 0.093911 0.462731 0.039761 0.108833
1 0.523290 0.675527 0.016806 0.035309
1 0.768881 0.451154 0.012309 0.023650
1 0.413207 0.395649 0.019575 0.041083
1 0.148235 0.012191 0.012079 0.021259
1 0.125903 0.217336 0.009718 0.021307
1 0.182603 0.112982 0.010860 0.020578
1 0.171488 0.171324 0.016965 0.033356
1 0.216798 0.150905 0.011822 0.024493
1 0.476414 0.236360 0.011677 0.029913
1 0.229329 0.105825 0.012247 0.022530
1 0.178669 0.142434 0.011190 0.021881
1 0.744282 0.328953 0.007980 0.009470
