1 0.378655 0.088288 0.040483 0.036863
1 0.779683 0.848742 0.054594 0.048806
1 0.427650 0.537874 0.029833 0.030682
1 0.488988 0.595440 0.031959 0.030780
1 0.413285 0.057277 0.033036 0.035961
1 0.394878 0.303083 0.029619 0.029619
1 0.692911 0.289244 0.028950 0.027078
1 0.494976 0.802804 0.035986 0.035286
1 0.289521 0.403086 0.035233 0.031923
1 0.292682 0.913536 0.034006 0.031369
1 0.569559 0.473023 0.029653 0.031355
1 0.807899 0.816379 0.046801 0.042088
1 0.411553 0.517978 0.038557 0.034349
1 0.956082 0.677351 0.040960 0.038120
1 0.185550 0.264491 0.038559 0.034919
1 0.576082 0.679840 0.030346 0.028867
1 0.118512 0.327715 0.041252 0.036448
1 0.282954 0.471090 0.038797 0.036492
1 0.577559 0.178682 0.027507 0.026563
1 0.401448 0.510487 0.031622 0.030774
1 0.350313 0.459178 0.034311 0.033146
1 0.630753 0.596126 0.032915 0.028797
1 0.551275 0.520925 0.033466 0.029115
1 0.795742 0.488162 0.028784 0.027968
1 0.810944 0.460560 0.026476 0.024532
1 0.398679 0.580896 0.031416 0.031774
1 0.770122 0.533475 0.033898 0.031449
1 0.353089 0.743739 0.038270 0.033481
1 0.247476 0.569740 0.031741 0.029091
1 0.381836 0.693019 0.035471 0.034401
1 0.238468 0.212627 0.034392 0.030087
1 0.549834 0.324746 0.032220 0.032257
1 0.955377 0.396361 0.029257 0.027681
1 0.432015 0.745966 0.032876 0.031732
1 0.297454 0.163177 0.041063 0.038546
1 0.672840 0.268015 0.027001 0.026605
1 0.405323 0.719373 0.029317 0.029846
1 0.588089 0.290985 0.026647 0.025976
1 0.287677 0.173223 0.042066 0.039130
1 0.647901 0.615474 0.033004 0.032393
1 0.170929 0.492881 0.032221 0.031503
1 0.386748 0.294130 0.031062 0.030117
1 0.449181 0.352145 0.034361 0.031933
1 0.561848 0.162843 0.027586 0.026898
1 0.077797 0.676464 0.040113 0.037604
1 0.498741 0.205841 0.026651 0.028281
1 0.321511 0.437091 0.030120 0.028406
1 0.549604 0.089899 0.027193 0.022952
1 0.308403 0.918550 0.057303 0.052398
1 0.352375 0.670937 0.032149 0.031577
1 0.556082 0.729693 0.030557 0.028632
1 0.515868 0.289373 0.034576 0.030318
1 0.956387 0.915333 0.054864 0.038764
1 0.475206 0.655667 0.035256 0.031730
1 0.532940 0.637562 0.034598 0.031995
1 0.448917 0.763124 0.028796 0.026812
1 0.703154 0.296885 0.023910 0.024009
1 0.615642 0.511167 0.034777 0.031753
1 0.588803 0.485743 0.032959 0.033617
1 0.751908 0.788261 0.031856 0.031863
1 0.798872 0.386963 0.025287 0.024206
1 0.345625 0.660738 0.031608 0.031162
1 0.217097 0.402415 0.031298 0.030799
1 0.462994 0.239878 0.033403 0.030035
1 0.366808 0.478561 0.032582 0.029828
1 0.869018 0.312148 0.029004 0.026466
1 0.175228 0.770709 0.036937 0.035690
1 0.709489 0.604248 0.033976 0.032389
1 0.691783 0.586331 0.034261 0.035404
1 0.452507 0.559611 0.032471 0.031992
1 0.638338 0.409570 0.032680 0.034725
1 0.517113 0.617849 0.039063 0.035643
1 0.464933 0.895339 0.056012 0.050638
1 0.206747 0.393732 0.035238 0.029395
1 0.371357 0.764236 0.041267 0.039604
1 0.801676 0.247320 0.029086 0.024488
1 0.419765 0.526632 0.031110 0.029475
1 0.697902 0.737785 0.038010 0.036436
1 0.500219 0.602941 0.036933 0.033782
1 0.482654 0.585379 0.034145 0.032546
1 0.638908 0.606666 0.033440 0.032849
1 0.115102 0.515389 0.041003 0.037773
1 0.244800 0.642116 0.040653 0.035619
1 0.526691 0.428254 0.035384 0.033708
1 0.466400 0.779338 0.031746 0.031388
1 0.723251 0.416633 0.029672 0.026721
1 0.378491 0.284974 0.032875 0.031638
1 0.567307 0.270616 0.027757 0.026337
1 0.730855 0.324437 0.025466 0.023990
1 0.381134 0.497141 0.026480 0.025217
1 0.336482 0.652898 0.031047 0.029900
1 0.465323 0.368850 0.033966 0.031851
1 0.403115 0.066108 0.036540 0.036387
1 0.949972 0.690674 0.041078 0.040649
1 0.535687 0.437471 0.031801 0.030451
1 0.498960 0.403325 0.032766 0.031325
1 0.372364 0.356518 0.038847 0.034800
1 0.144798 0.544884 0.038213 0.035588
1 0.186069 0.511775 0.028832 0.026598
1 0.647696 0.547774 0.030459 0.027412
1 0.393778 0.780462 0.038673 0.034083
1 0.652310 0.189237 0.027363 0.024219
1 0.138078 0.305021 0.042828 0.032967
1 0.585105 0.687792 0.032017 0.029757
1 0.224024 0.541566 0.032422 0.032491
1 0.558835 0.332416 0.034270 0.031895
1 0.188000 0.780086 0.037349 0.037540
1 0.419910 0.197302 0.032512 0.029669
1 0.529949 0.703928 0.030977 0.028114
1 0.519937 0.696756 0.034197 0.030464
1 0.412122 0.318871 0.030790 0.032735
1 0.594564 0.562374 0.035993 0.029309
1 0.249377 0.356794 0.041489 0.038464
1 0.948372 0.928198 0.051417 0.036777
1 0.365996 0.345686 0.035487 0.030454
1 0.600482 0.705718 0.028701 0.027687
1 0.541307 0.645026 0.032892 0.029946
1 0.377700 0.484235 0.033602 0.030828
1 0.662692 0.362288 0.028058 0.026813
1 0.293326 0.689209 0.038735 0.036758
1 0.533117 0.131719 0.024106 0.021904
1 0.364178 0.751843 0.036772 0.033039
1 0.268230 0.584075 0.035574 0.034112
1 0.215418 0.610013 0.037139 0.033147
1 0.829422 0.359240 0.024777 0.022863
1 0.018941 0.617361 0.037883 0.039643
1 0.432103 0.335930 0.035778 0.033215
1 0.712902 0.411699 0.028597 0.027570
1 0.577458 0.347786 0.030720 0.031899
1 0.303366 0.485402 0.031122 0.028113
1 0.650756 0.245971 0.024755 0.024567
1 0.752030 0.343250 0.028269 0.024012
1 0.522726 0.628762 0.029896 0.028964
1 0.424879 0.736988 0.030425 0.030428
1 0.160182 0.486702 0.028337 0.026978
1 0.761213 0.294627 0.024857 0.023710
1 0.898615 0.981805 0.053842 0.036390
1 0.359258 0.336339 0.029896 0.027475
1 0.550624 0.652777 0.037387 0.032312
1 0.540165 0.315867 0.035981 0.033624
1 0.685411 0.447320 0.031335 0.031363
1 0.856711 0.443925 0.028865 0.024479
1 0.537907 0.712796 0.032943 0.029176
1 0.445811 0.222735 0.032503 0.030009
1 0.451598 0.840007 0.036103 0.035780
1 0.264752 0.185115 0.030043 0.028499
1 0.604210 0.372976 0.031785 0.030944
1 0.141388 0.469252 0.027348 0.028535
1 0.669429 0.560869 0.030232 0.032702
1 0.427112 0.408387 0.038610 0.035897
1 0.309765 0.418047 0.040526 0.036617
1 0.560491 0.530049 0.035654 0.030240
1 0.019800 0.437465 0.039600 0.043695
1 0.484660 0.386569 0.034242 0.034735
1 0.115877 0.413418 0.043422 0.038873
1 0.755675 0.455652 0.023673 0.022613
1 0.751715 0.516463 0.035415 0.031019
1 0.191549 0.523114 0.020420 0.022809
1 0.336552 0.520253 0.033844 0.030980
1 0.617956 0.320686 0.032957 0.029720
1 0.817971 0.345622 0.027920 0.023953
1 0.611718 0.214774 0.031177 0.032610
1 0.884422 0.323091 0.022289 0.020333
1 0.318423 0.290962 0.026915 0.020814
1 0.484169 0.795651 0.027184 0.027835
1 0.720144 0.481426 0.027984 0.028332
1 0.012427 0.448252 0.024853 0.032986
1 0.504810 0.810059 0.035046 0.034243
1 0.509127 0.411577 0.034987 0.032147
1 0.509129 0.113078 0.032148 0.029238
1 0.873032 0.771568 0.045948 0.046318
1 0.576308 0.118280 0.027001 0.021581
1 0.870885 0.399659 0.025371 0.021980
1 0.464483 0.437234 0.031796 0.027352
1 0.640216 0.338652 0.028930 0.024785
1 0.610811 0.712123 0.036590 0.032845
1 0.332748 0.443634 0.034022 0.032922
1 0.546226 0.444651 0.025760 0.024719
1 0.779851 0.541219 0.031503 0.029682
1 0.622948 0.521974 0.032484 0.029709
1 0.974442 0.874630 0.051116 0.038357
1 0.655695 0.556619 0.028109 0.027917
1 0.593458 0.696681 0.028317 0.028058
1 0.884387 0.411903 0.024273 0.021269
1 0.213677 0.535152 0.029878 0.029405
1 0.632279 0.398239 0.030112 0.028203
1 0.643336 0.239553 0.025755 0.025284
1 0.414056 0.729469 0.031363 0.031564
1 0.515945 0.488875 0.035786 0.032672
1 0.397219 0.711585 0.028937 0.030712
1 0.500073 0.471082 0.030544 0.030583
1 0.635215 0.232319 0.025970 0.023495
1 0.820028 0.410563 0.027118 0.025805
1 0.388534 0.701945 0.034588 0.032194
1 0.212934 0.810654 0.034492 0.033647
1 0.781954 0.312768 0.023891 0.023390
1 0.620904 0.392856 0.035648 0.035685
1 0.134578 0.731577 0.039502 0.035916
1 0.646273 0.347984 0.030405 0.028432
1 0.486579 0.662277 0.030826 0.027805
1 0.366251 0.096142 0.034279 0.032779
1 0.417480 0.595782 0.032459 0.031096
1 0.558733 0.660988 0.032363 0.030936
1 0.261959 0.858822 0.037063 0.031047
1 0.220382 0.229026 0.035685 0.035250
1 0.110699 0.704507 0.042216 0.041096
1 0.445638 0.420483 0.032132 0.031002
1 0.257247 0.447715 0.040777 0.035498
1 0.836049 0.366270 0.025411 0.023902
1 0.705609 0.402871 0.026027 0.024661
1 0.164135 0.762492 0.031978 0.031425
1 0.631516 0.170056 0.022557 0.021148
1 0.725453 0.316306 0.025313 0.024718
1 0.896111 0.337219 0.028343 0.023956
1 0.096185 0.696490 0.037543 0.036198
1 0.281369 0.680126 0.040784 0.039684
1 0.719393 0.611400 0.035640 0.034930
1 0.485698 0.191404 0.027968 0.025723
1 0.047122 0.648987 0.037955 0.032210
1 0.835554 0.422338 0.024995 0.023192
1 0.788759 0.231388 0.025221 0.021738
1 0.742910 0.270937 0.029404 0.025580
1 0.857892 0.780116 0.044135 0.047496
1 0.454619 0.229905 0.032206 0.031398
1 0.569998 0.537339 0.030087 0.027052
1 0.439130 0.035572 0.038542 0.036300
1 0.524759 0.496434 0.032365 0.030014
1 0.127964 0.316190 0.037992 0.032446
1 0.472586 0.380756 0.026510 0.023603
1 0.889376 0.742829 0.043076 0.039790
1 0.328977 0.643613 0.032698 0.032096
1 0.533604 0.505721 0.032693 0.030845
1 0.359744 0.108785 0.042402 0.044139
1 0.353987 0.536496 0.032094 0.029766
1 0.679027 0.131589 0.027981 0.024966
1 0.320638 0.145059 0.042954 0.037972
1 0.684528 0.577816 0.034933 0.034481
1 0.263457 0.377023 0.034130 0.032973
1 0.310391 0.154156 0.044998 0.041345
1 0.329294 0.961981 0.053354 0.036889
1 0.872555 0.458795 0.027126 0.024109
1 0.312993 0.707392 0.040067 0.037903
1 0.545757 0.722329 0.033048 0.029963
1 0.511577 0.687512 0.030028 0.028535
1 0.685382 0.220749 0.027262 0.025143
1 0.362311 0.267309 0.031256 0.032111
1 0.786945 0.320979 0.024743 0.022336
1 0.674979 0.437828 0.029338 0.028053
1 0.925080 0.949418 0.053425 0.039238
1 0.659278 0.252374 0.024511 0.023654
1 0.733144 0.501180 0.037424 0.033031
1 0.429970 0.614613 0.033186 0.028940
1 0.667351 0.258949 0.023209 0.020223
1 0.233215 0.419405 0.031477 0.029266
1 0.456966 0.163111 0.029933 0.029283
1 0.816908 0.509691 0.027790 0.027328
1 0.350028 0.328399 0.030972 0.031722
1 0.323718 0.303109 0.036811 0.032993
1 0.258662 0.576286 0.031947 0.034317
1 0.706601 0.241584 0.026748 0.023347
1 0.371748 0.555107 0.033428 0.032877
1 0.469060 0.177165 0.029270 0.027733
1 0.473865 0.187843 0.020403 0.020002
1 0.459552 0.015378 0.035801 0.030756
1 0.333422 0.726136 0.040153 0.037800
1 0.649831 0.414434 0.029064 0.029160
1 0.239561 0.825942 0.043848 0.041442
1 0.507867 0.211898 0.027802 0.027867
1 0.521348 0.228175 0.026097 0.024361
1 0.450407 0.631404 0.034661 0.032573
1 0.771720 0.466911 0.026625 0.025703
1 0.750532 0.445487 0.024313 0.025317
1 0.863261 0.452898 0.029870 0.027315
1 0.567638 0.669828 0.032898 0.030426
1 0.233102 0.550752 0.035268 0.032729
1 0.340175 0.321117 0.032546 0.032382
1 0.896525 0.424443 0.024184 0.023061
1 0.256544 0.192870 0.029329 0.028232
1 0.857983 0.297264 0.021420 0.019712
1 0.310379 0.496854 0.033539 0.034020
1 0.421302 0.328842 0.032088 0.029646
1 0.634314 0.528527 0.036333 0.035485
1 0.431934 0.050396 0.047832 0.047291
1 0.280095 0.391832 0.037484 0.034730
1 0.241900 0.427650 0.034461 0.031671
1 0.586345 0.356906 0.031032 0.031424
1 0.425580 0.602939 0.031140 0.026991
1 0.457342 0.360769 0.031151 0.029819
1 0.967102 0.668950 0.046458 0.041530
1 0.058166 0.657768 0.038419 0.035042
1 0.445544 0.752547 0.036265 0.034227
1 0.475339 0.787547 0.027439 0.026867
1 0.775785 0.365980 0.027809 0.025342
1 0.180563 0.502780 0.030863 0.029266
1 0.364150 0.546865 0.038942 0.035559
1 0.313537 0.627287 0.034237 0.031395
1 0.760546 0.352192 0.026038 0.024210
1 0.683152 0.383595 0.024961 0.024020
1 0.904280 0.734594 0.056379 0.048399
1 0.247196 0.838285 0.039993 0.037733
