1 0.694354 0.517610 0.035496 0.031877
1 0.041470 0.773315 0.025528 0.025605
1 0.051478 0.748884 0.052137 0.046356
1 0.753769 0.605802 0.019338 0.014707
1 0.010712 0.041493 0.021424 0.020847
1 0.766135 0.807348 0.033915 0.039862
1 0.767843 0.677912 0.057334 0.026416
1 0.756258 0.665172 0.032631 0.018250
1 0.725946 0.980154 0.021605 0.039692
1 0.029079 0.780798 0.027218 0.021052
1 0.752957 0.638638 0.026072 0.014525
1 0.477566 0.435017 0.015924 0.015400
1 0.452644 0.419265 0.029319 0.025864
1 0.762214 0.722367 0.021261 0.010235
1 0.626382 0.529254 0.014306 0.020535
1 0.742344 0.969047 0.012549 0.017824
1 0.719499 0.566654 0.017476 0.016245
1 0.192491 0.165452 0.008680 0.013381
1 0.035817 0.049349 0.013409 0.008598
1 0.734732 0.584998 0.023545 0.019301
1 0.270536 0.807517 0.010979 0.011939
1 0.722874 0.580716 0.032786 0.026304
1 0.467423 0.391262 0.014380 0.015569
1 0.736626 0.589285 0.023051 0.026834
1 0.744146 0.997534 0.008057 0.004719
1 0.029829 0.042037 0.010818 0.008401
1 0.777662 0.697614 0.008109 0.013347
1 0.787928 0.804831 0.012967 0.013665
1 0.310675 0.215943 0.012612 0.009469
