1 0.153398 0.092151 0.052249 0.094570
1 0.455374 0.389669 0.074946 0.142546
1 0.265065 0.201027 0.048858 0.100310
1 0.368544 0.285113 0.059991 0.118849
1 0.920080 0.835894 0.023916 0.048637
1 0.319118 0.255023 0.025268 0.048123
1 0.417005 0.407715 0.024037 0.049101
1 0.475965 0.411792 0.036540 0.075639
1 0.333629 0.276080 0.030822 0.068190
1 0.541883 0.447587 0.022661 0.042377
1 0.647685 0.601428 0.027259 0.049461
1 0.832287 0.759711 0.024960 0.047400
1 0.907623 0.799028 0.023085 0.042761
1 0.971452 0.876867 0.027704 0.048224
1 0.889916 0.836863 0.023470 0.045301
1 0.217203 0.207607 0.024643 0.047088
1 0.774622 0.696208 0.023835 0.050295
1 0.390473 0.363399 0.026626 0.049796
1 0.389278 0.312252 0.016211 0.030457
1 0.631516 0.592232 0.015179 0.032340
1 0.986236 0.883120 0.027528 0.094945
1 0.488805 0.446842 0.027327 0.051616
1 0.816143 0.746925 0.016771 0.031098
1 0.447491 0.355481 0.016800 0.034049
