1 0.614826 0.403949 0.082911 0.026009
1 0.410096 0.646419 0.083814 0.028357
1 0.653548 0.343667 0.085621 0.027943
1 0.709026 0.291783 0.086065 0.028223
1 0.378544 0.588005 0.085513 0.028884
1 0.427640 0.621747 0.078230 0.022124
1 0.844969 0.092306 0.213380 0.062675
1 0.641393 0.375189 0.079201 0.023845
1 0.681851 0.310541 0.089993 0.030974
1 0.813614 0.131371 0.095162 0.032129
1 0.335336 0.740704 0.081692 0.026829
1 0.819389 0.164210 0.085049 0.026915
1 0.570466 0.443486 0.082116 0.024856
1 0.879459 0.623606 0.060042 0.047287
1 0.756653 0.258643 0.072469 0.026076
1 0.882014 0.025306 0.085566 0.050612
1 0.453719 0.566868 0.112739 0.032081
1 0.685861 0.326064 0.074745 0.023007
1 0.938210 0.025422 0.098351 0.048453
1 0.976456 0.013483 0.047088 0.026483
1 0.441609 0.548074 0.082977 0.025426
1 0.950707 0.023297 0.067298 0.038283
1 0.872539 0.041326 0.044844 0.030019
