1 0.601917 0.367882 0.055906 0.149523
1 0.739207 0.473550 0.051682 0.153371
1 0.281631 0.147461 0.023814 0.059849
1 0.930899 0.579495 0.041121 0.104784
1 0.861991 0.548834 0.049832 0.133954
1 0.947790 0.662643 0.040350 0.129373
1 0.181838 0.164296 0.026526 0.060297
1 0.797167 0.935069 0.045993 0.050451
1 0.166611 0.088774 0.032862 0.093528
1 0.898763 0.529907 0.029988 0.079000
1 0.522655 0.300565 0.028928 0.071128
1 0.785339 0.455831 0.025640 0.063938
1 0.034696 0.051050 0.018098 0.064016
1 0.313251 0.213774 0.027483 0.060373
1 0.130009 0.047039 0.021027 0.059000
1 0.192371 0.094255 0.023825 0.063937
1 0.822169 0.526669 0.022019 0.063797
1 0.084220 0.136931 0.025435 0.062149
1 0.701243 0.450001 0.030000 0.077717
1 0.669555 0.443425 0.082410 0.234483
1 0.076379 0.038066 0.015826 0.061646
1 0.960022 0.923185 0.021575 0.032608
1 0.781169 0.516712 0.028139 0.065988
1 0.980872 0.946566 0.024941 0.033865
1 0.907032 0.940149 0.043132 0.038247
1 0.352790 0.243674 0.023418 0.052478
1 0.969921 0.520427 0.060158 0.112060
1 0.907683 0.961916 0.039781 0.038560
1 0.987854 0.628508 0.024293 0.078534
1 0.880264 0.623377 0.024237 0.062688
1 0.895382 0.868312 0.046117 0.043834
1 0.974898 0.982406 0.023799 0.031662
