1 0.682611 0.457633 0.035228 0.049762
1 0.645606 0.417897 0.056306 0.054783
1 0.023186 0.178425 0.046373 0.044429
1 0.635503 0.487604 0.047213 0.047362
1 0.072891 0.151764 0.042403 0.065871
1 0.063579 0.219565 0.041754 0.057622
1 0.657699 0.317747 0.049733 0.047201
1 0.020284 0.207848 0.040567 0.035232
1 0.048266 0.314818 0.043129 0.051238
1 0.047939 0.270899 0.023995 0.031346
1 0.020941 0.450621 0.021381 0.042614
1 0.668796 0.528348 0.035142 0.055766
1 0.692542 0.382735 0.028470 0.038224
1 0.099364 0.481542 0.025113 0.058915
1 0.712427 0.337542 0.023722 0.032538
1 0.695675 0.439382 0.025687 0.036592
1 0.038449 0.082117 0.032068 0.030416
1 0.074818 0.109683 0.026180 0.036726
1 0.633230 0.520601 0.047831 0.050600
1 0.347590 0.450993 0.057045 0.039003
1 0.458213 0.586491 0.035655 0.025945
1 0.279259 0.539791 0.019158 0.035363
1 0.665429 0.336342 0.026812 0.028165
1 0.675817 0.484021 0.024441 0.038254
1 0.576294 0.642073 0.043209 0.035707
1 0.685451 0.516337 0.021466 0.028404
1 0.064867 0.183184 0.029692 0.042700
1 0.216285 0.503882 0.027438 0.022734
1 0.644168 0.454786 0.028633 0.029035
1 0.822492 0.755386 0.027410 0.024837
1 0.918754 0.788758 0.029683 0.023376
1 0.339331 0.545381 0.032521 0.025531
1 0.874188 0.777687 0.032039 0.022982
1 0.699457 0.358223 0.022761 0.026702
1 0.074536 0.470807 0.018575 0.032886
1 0.189446 0.510327 0.014939 0.024188
1 0.660296 0.373350 0.031560 0.027984
1 0.150473 0.494226 0.016710 0.037372
1 0.088121 0.095882 0.021737 0.028638
1 0.038152 0.110506 0.027577 0.024172
1 0.615042 0.661067 0.023995 0.020625
1 0.956406 0.800303 0.032544 0.020921
1 0.019720 0.238894 0.039440 0.039199
1 0.636989 0.396843 0.022811 0.017571
1 0.925720 0.685027 0.030051 0.023982
1 0.051894 0.238846 0.023286 0.029105
1 0.035234 0.340403 0.028163 0.017268
1 0.282400 0.418237 0.027616 0.020258
1 0.035540 0.139882 0.034046 0.035472
1 0.382266 0.425394 0.027100 0.019167
1 0.639465 0.367564 0.017122 0.017961
1 0.016387 0.271132 0.032773 0.042198
1 0.594856 0.669848 0.014525 0.024689
1 0.197781 0.105859 0.009737 0.025976
1 0.015130 0.298022 0.030135 0.047209
1 0.014105 0.292448 0.028047 0.033651
1 0.309175 0.549080 0.010556 0.018342
1 0.710022 0.722490 0.013530 0.021890
1 0.685611 0.406152 0.011053 0.019096
1 0.995462 0.826572 0.008985 0.028948
1 0.132479 0.475535 0.025639 0.020731
