1 0.840726 0.609931 0.052588 0.063330
1 0.526358 0.970547 0.032653 0.058907
1 0.549415 0.920725 0.036068 0.048363
1 0.893553 0.411683 0.050973 0.094089
1 0.270062 0.419360 0.037346 0.064692
1 0.880543 0.454476 0.025892 0.049831
1 0.795082 0.557042 0.026979 0.037387
1 0.191438 0.145173 0.026289 0.047193
1 0.847025 0.470862 0.028289 0.050069
1 0.728039 0.631219 0.027650 0.037236
1 0.940810 0.662759 0.053463 0.066013
1 0.284163 0.278146 0.030943 0.030941
1 0.356462 0.397551 0.030053 0.033215
1 0.196782 0.272116 0.026912 0.052614
1 0.218730 0.329461 0.020358 0.039390
1 0.155010 0.218045 0.026906 0.034726
1 0.856676 0.634544 0.026990 0.034713
1 0.191597 0.310821 0.025099 0.033902
1 0.939094 0.384724 0.019398 0.034096
1 0.647501 0.716009 0.026886 0.034575
1 0.935603 0.418237 0.031652 0.034692
1 0.978449 0.751440 0.043102 0.076460
1 0.647475 0.843472 0.020275 0.036276
1 0.294009 0.481248 0.031616 0.059367
1 0.967363 0.709874 0.022317 0.030186
1 0.170741 0.099423 0.023779 0.043607
1 0.774719 0.551536 0.014566 0.025603
1 0.295473 0.332303 0.021754 0.026141
1 0.387628 0.509376 0.031587 0.039066
1 0.897671 0.519342 0.018072 0.019893
1 0.081451 0.024404 0.022875 0.043709
1 0.959221 0.356815 0.021290 0.039096
1 0.304595 0.299201 0.020971 0.025504
1 0.513312 0.975891 0.029523 0.048218
1 0.360711 0.466374 0.027658 0.037267
1 0.186495 0.096465 0.016499 0.025899
1 0.992384 0.784663 0.015231 0.054131
1 0.909695 0.471178 0.019145 0.021605
1 0.511654 0.978280 0.021657 0.043439
1 0.862082 0.452028 0.014360 0.023939
1 0.198880 0.318938 0.015976 0.021767
1 0.175573 0.075824 0.014223 0.022966
1 0.996822 0.801242 0.006356 0.043642
1 0.387010 0.546115 0.016461 0.031274
