1 0.421520 0.613838 0.034381 0.063385
1 0.833526 0.169170 0.024978 0.047363
1 0.175199 0.737534 0.030744 0.038891
1 0.903739 0.065342 0.033600 0.043283
1 0.326976 0.688269 0.031874 0.041725
1 0.353204 0.648373 0.034879 0.047024
1 0.824755 0.185395 0.023239 0.040184
1 0.316276 0.605442 0.027871 0.036987
1 0.651014 0.249948 0.036263 0.045743
1 0.137079 0.735048 0.029332 0.044317
1 0.715764 0.293875 0.026277 0.044572
1 0.871077 0.100587 0.026592 0.036253
1 0.447608 0.584542 0.028866 0.049358
1 0.860065 0.148949 0.026812 0.047928
1 0.735222 0.241712 0.026683 0.035081
1 0.459479 0.429430 0.024268 0.041843
1 0.766491 0.204707 0.031321 0.034743
1 0.421461 0.494778 0.027339 0.036011
1 0.621177 0.412494 0.020069 0.035533
1 0.041841 0.897131 0.033060 0.036320
1 0.564066 0.430424 0.024998 0.029649
1 0.045650 0.863507 0.019852 0.033937
1 0.182953 0.849859 0.026520 0.034734
1 0.746919 0.111347 0.038312 0.044553
1 0.618765 0.242104 0.020934 0.041385
1 0.523755 0.471040 0.027279 0.032683
1 0.665223 0.323170 0.030630 0.037808
1 0.944345 0.023496 0.031970 0.037263
1 0.630208 0.354939 0.032851 0.041213
1 0.012761 0.896834 0.025239 0.082689
1 0.197361 0.704511 0.021804 0.046204
1 0.806318 0.202635 0.019680 0.037292
1 0.065537 0.836105 0.021312 0.037473
1 0.438889 0.451489 0.021025 0.032631
1 0.425143 0.576768 0.021959 0.029155
1 0.338024 0.561958 0.021542 0.038941
1 0.519794 0.379693 0.043471 0.050753
1 0.246159 0.667912 0.023465 0.029928
1 0.016138 0.950199 0.018934 0.021714
1 0.246858 0.774628 0.033773 0.032978
1 0.687111 0.328879 0.017018 0.026108
1 0.809136 0.199561 0.019736 0.040405
