1 0.490133 0.493362 0.024655 0.051541
1 0.451130 0.533741 0.028605 0.058361
1 0.587527 0.507344 0.039896 0.040820
1 0.246106 0.802483 0.037407 0.076687
1 0.349370 0.772825 0.033946 0.038177
1 0.428223 0.665009 0.033388 0.033664
1 0.261519 0.685765 0.029999 0.065330
1 0.306445 0.645508 0.033506 0.067404
1 0.341174 0.753346 0.032668 0.035617
1 0.475819 0.507620 0.028486 0.058035
1 0.410328 0.625873 0.039234 0.038659
1 0.503920 0.481631 0.025571 0.058627
1 0.960653 0.293782 0.025112 0.031717
1 0.582185 0.484628 0.032151 0.036305
1 0.595431 0.525996 0.038365 0.039164
1 0.326664 0.712448 0.034784 0.034007
1 0.404493 0.604186 0.038285 0.040518
1 0.291644 0.737893 0.026458 0.029799
1 0.303581 0.774041 0.026722 0.031322
1 0.170894 0.776210 0.032064 0.035401
1 0.615100 0.462128 0.026401 0.029705
1 0.318247 0.809672 0.027687 0.030218
1 0.644141 0.541989 0.023221 0.026007
1 0.416872 0.645387 0.035850 0.036316
1 0.600518 0.413737 0.028675 0.029098
1 0.433591 0.712105 0.032681 0.037802
1 0.843102 0.291920 0.020090 0.021122
1 0.575012 0.466623 0.035814 0.037038
1 0.527982 0.561293 0.025075 0.026444
1 0.165736 0.758668 0.029395 0.031388
1 0.191066 0.844015 0.030361 0.031127
1 0.729450 0.289958 0.024857 0.028007
1 0.311190 0.790771 0.029508 0.033275
1 0.538377 0.599023 0.029039 0.031535
1 0.390778 0.561389 0.036785 0.037797
1 0.721973 0.447638 0.023271 0.025201
1 0.455718 0.761600 0.021164 0.043834
1 0.943759 0.244068 0.027700 0.033609
1 0.926314 0.196298 0.033041 0.033973
1 0.571455 0.442119 0.030393 0.032624
1 0.889846 0.485506 0.029161 0.054480
1 0.320803 0.692311 0.030016 0.030204
1 0.475503 0.863729 0.022026 0.047952
1 0.483941 0.548664 0.027503 0.026349
1 0.889305 0.611244 0.021312 0.045107
1 0.610241 0.560111 0.021565 0.025779
1 0.763989 0.395901 0.026327 0.029340
1 0.652939 0.558122 0.024457 0.025710
1 0.655047 0.326351 0.046144 0.045660
1 0.496137 0.584821 0.024098 0.028436
1 0.594904 0.396693 0.028518 0.032223
1 0.903305 0.241404 0.023576 0.027581
1 0.520693 0.543360 0.027641 0.029795
1 0.692644 0.463405 0.030088 0.030093
1 0.533503 0.578627 0.028032 0.028171
1 0.686782 0.343868 0.023754 0.025499
1 0.547100 0.615835 0.032786 0.035554
1 0.622736 0.476734 0.031021 0.031301
1 0.828432 0.338110 0.022263 0.025282
1 0.460558 0.517202 0.029756 0.058265
1 0.931626 0.213339 0.036487 0.037143
1 0.703676 0.497276 0.026602 0.027872
1 0.552109 0.635370 0.030119 0.032664
1 0.663383 0.383376 0.030032 0.032399
1 0.611376 0.445765 0.029670 0.029680
1 0.934002 0.302789 0.023113 0.049274
1 0.651042 0.353216 0.028032 0.030999
1 0.897914 0.223817 0.025550 0.031033
1 0.436898 0.898380 0.042064 0.088298
1 0.708195 0.513977 0.029009 0.035452
1 0.874183 0.620396 0.026581 0.057945
1 0.756642 0.365223 0.023187 0.026221
1 0.781882 0.438419 0.022357 0.024828
1 0.195994 0.858277 0.027707 0.029478
1 0.445631 0.776733 0.021728 0.045683
1 0.892140 0.205677 0.023800 0.029134
1 0.504700 0.615657 0.025691 0.031792
1 0.802940 0.408205 0.020075 0.022232
1 0.637805 0.526508 0.027650 0.032532
1 0.954618 0.277281 0.031221 0.035956
1 0.500261 0.599321 0.025644 0.027970
1 0.696340 0.375496 0.022564 0.025956
1 0.739844 0.321105 0.021936 0.024154
1 0.518411 0.184056 0.017387 0.031953
1 0.333294 0.729681 0.039687 0.041042
1 0.514022 0.527081 0.025759 0.027478
1 0.885898 0.190066 0.025045 0.027242
1 0.699841 0.479395 0.024698 0.028016
1 0.734265 0.305234 0.024894 0.029355
1 0.812429 0.431674 0.019079 0.021342
1 0.771263 0.407797 0.021502 0.022450
1 0.565037 0.424074 0.029276 0.031876
1 0.892560 0.530922 0.025345 0.031071
1 0.949483 0.260967 0.028954 0.033918
1 0.842827 0.377311 0.018642 0.022803
1 0.178467 0.794035 0.033707 0.035296
1 0.416600 0.911014 0.025592 0.054094
1 0.760143 0.283956 0.021265 0.025560
1 0.659407 0.368062 0.024991 0.027680
1 0.879764 0.173323 0.027992 0.028045
1 0.860133 0.362040 0.018649 0.039552
1 0.921390 0.319275 0.022714 0.042652
1 0.797418 0.393028 0.021604 0.024216
1 0.800536 0.212372 0.040567 0.038680
1 0.427255 0.258934 0.018278 0.032094
1 0.970489 0.305229 0.032091 0.038205
1 0.910354 0.149543 0.031614 0.031669
1 0.712469 0.418806 0.023534 0.026327
1 0.681383 0.328852 0.024948 0.028983
1 0.427873 0.690921 0.038552 0.041983
1 0.158921 0.742967 0.027293 0.030587
1 0.828048 0.249725 0.019759 0.021472
1 0.815987 0.294108 0.017711 0.021367
1 0.823967 0.322281 0.021306 0.025909
1 0.935084 0.581964 0.021903 0.044483
1 0.603421 0.544736 0.030807 0.033411
1 0.751414 0.349896 0.023526 0.028510
1 0.786701 0.452398 0.022359 0.024439
1 0.681638 0.431157 0.025684 0.027386
1 0.792305 0.377714 0.021391 0.024787
1 0.738684 0.491969 0.020646 0.022062
1 0.513912 0.627329 0.021007 0.023660
1 0.823531 0.234334 0.019752 0.023055
1 0.478151 0.216042 0.023478 0.040987
1 0.837630 0.277869 0.018777 0.020550
1 0.774759 0.422800 0.025241 0.031674
1 0.690956 0.360334 0.023055 0.025103
1 0.531412 0.177710 0.015575 0.029306
1 0.458182 0.892686 0.039400 0.083999
1 0.515912 0.664887 0.025361 0.022610
1 0.604791 0.428330 0.027701 0.027758
1 0.729183 0.467130 0.024424 0.025954
1 0.585251 0.381555 0.034093 0.035945
1 0.759633 0.381149 0.024448 0.027378
1 0.057856 0.393486 0.009907 0.032145
1 0.773067 0.325392 0.019424 0.022506
1 0.324110 0.635059 0.035313 0.076649
1 0.465095 0.231477 0.017684 0.039192
1 0.279099 0.672382 0.027599 0.051451
1 0.489855 0.207011 0.016435 0.030187
1 0.715564 0.433815 0.023341 0.026747
1 0.764916 0.298879 0.020074 0.021391
1 0.787629 0.365995 0.020221 0.022038
1 0.777181 0.338016 0.020150 0.022713
1 0.937060 0.230021 0.030019 0.032940
1 0.084417 0.238541 0.032509 0.018661
1 0.436136 0.791333 0.025561 0.045575
1 0.907037 0.256136 0.025835 0.029473
1 0.734618 0.479994 0.021816 0.024437
1 0.182346 0.826639 0.033195 0.043757
1 0.086608 0.311407 0.033170 0.016714
1 0.745292 0.336019 0.024238 0.025852
1 0.285387 0.721366 0.026052 0.029986
1 0.818554 0.219927 0.020727 0.023267
1 0.816842 0.067078 0.019681 0.020979
1 0.215427 0.714824 0.022338 0.046674
1 0.090384 0.016885 0.035976 0.020534
1 0.781755 0.352276 0.020224 0.022850
1 0.290855 0.655479 0.033490 0.071145
1 0.819289 0.310125 0.022888 0.024187
1 0.686546 0.447837 0.029364 0.027356
1 0.706839 0.404686 0.026922 0.030182
1 0.394434 0.585596 0.043640 0.043312
1 0.832575 0.262161 0.018431 0.021288
1 0.838466 0.364065 0.019823 0.021182
1 0.919794 0.180776 0.030281 0.031668
1 0.702799 0.388275 0.024990 0.028829
1 0.796699 0.237604 0.020328 0.023504
1 0.850369 0.403945 0.018250 0.022979
1 0.073923 0.392221 0.011358 0.039715
1 0.768361 0.312825 0.020473 0.021518
1 0.804354 0.266686 0.021767 0.026010
1 0.753699 0.270425 0.020399 0.023331
1 0.297605 0.755026 0.028702 0.030701
1 0.903115 0.468527 0.021313 0.040926
1 0.802688 0.251116 0.019206 0.021633
1 0.738478 0.255331 0.032856 0.039074
1 0.088898 0.186950 0.035762 0.019400
1 0.834731 0.351858 0.019783 0.022252
1 0.510744 0.193696 0.015803 0.031860
1 0.368210 0.304561 0.014324 0.031942
1 0.048627 0.652145 0.020941 0.030533
1 0.512402 0.646421 0.026635 0.020768
1 0.808170 0.419679 0.017888 0.020916
1 0.089589 0.336276 0.024883 0.013537
1 0.203301 0.893107 0.016739 0.020042
1 0.808848 0.281740 0.020898 0.023326
1 0.914458 0.164751 0.030705 0.029338
1 0.536788 0.863134 0.034456 0.022245
1 0.989244 0.526751 0.021512 0.051433
1 0.632961 0.510363 0.025040 0.029854
1 0.554404 0.405383 0.034621 0.038218
1 0.677075 0.414201 0.025041 0.030542
1 0.515163 0.472144 0.024891 0.046747
1 0.846656 0.391220 0.014137 0.017790
1 0.086587 0.216506 0.025151 0.013963
1 0.925545 0.680836 0.029119 0.039183
1 0.991664 0.433417 0.016672 0.036803
1 0.920217 0.449795 0.020093 0.042160
1 0.849648 0.334169 0.006907 0.015754
1 0.087461 0.286467 0.028370 0.017214
1 0.583493 0.375635 0.033093 0.043297
1 0.053970 0.454080 0.014760 0.078455
1 0.552456 0.398680 0.032529 0.036333
1 0.136473 0.878326 0.019814 0.044752
1 0.994198 0.404984 0.011540 0.034704
1 0.378104 0.938644 0.023084 0.051048
1 0.981452 0.644689 0.018823 0.023566
1 0.499406 0.203452 0.010453 0.020368
1 0.333714 0.867385 0.021605 0.043486
1 0.347360 0.797074 0.014451 0.014995
1 0.359956 0.957172 0.024371 0.048675
1 0.978374 0.536286 0.022850 0.064277
1 0.844982 0.320487 0.008059 0.012961
1 0.979935 0.546536 0.018777 0.042597
1 0.054414 0.443616 0.014280 0.058670
1 0.721217 0.280213 0.012788 0.013112
1 0.470141 0.652034 0.012356 0.022630
1 0.342472 0.976591 0.020006 0.037558
1 0.740145 0.259663 0.030488 0.030220
1 0.795094 0.213011 0.029220 0.035622
1 0.922591 0.262884 0.011172 0.022622
1 0.783931 0.358632 0.020558 0.021585
1 0.396746 0.924437 0.022858 0.053091
1 0.499721 0.189457 0.011923 0.017749
1 0.888187 0.140344 0.051201 0.044422
1 0.836604 0.360142 0.020292 0.022011
1 0.055096 0.486047 0.008295 0.032647
1 0.445810 0.898238 0.056881 0.094620
1 0.616260 0.580626 0.032227 0.037208
1 0.180707 0.820031 0.032132 0.031685
1 0.130260 0.954705 0.022545 0.022654
1 0.958093 0.405684 0.024242 0.029847
