1 0.016043 0.878886 0.032086 0.041090
1 0.533745 0.436106 0.049966 0.021089
1 0.517477 0.461214 0.049371 0.021713
1 0.934104 0.097920 0.041724 0.020811
1 0.476535 0.523270 0.042247 0.018873
1 0.509272 0.475055 0.050883 0.022296
1 0.550668 0.411826 0.053459 0.023249
1 0.530625 0.449421 0.042845 0.019290
1 0.495738 0.500529 0.052683 0.021686
1 0.554820 0.385104 0.039437 0.018653
1 0.561388 0.373093 0.039040 0.017970
1 0.828935 0.966034 0.010374 0.018438
1 0.199788 0.691774 0.024869 0.008553
1 0.519573 0.572194 0.038839 0.010552
1 0.150569 0.654346 0.034516 0.010661
1 0.042034 0.954552 0.016698 0.015660
1 0.257765 0.620912 0.026520 0.008668
1 0.472472 0.563979 0.034288 0.011754
1 0.723707 0.719926 0.015594 0.023755
1 0.728639 0.452259 0.015076 0.029853
1 0.574291 0.352068 0.040193 0.019619
1 0.196112 0.674180 0.024152 0.007789
1 0.760811 0.718993 0.013025 0.024533
1 0.051940 0.943755 0.030754 0.033287
1 0.156548 0.691547 0.036458 0.012178
1 0.165601 0.728458 0.042168 0.012203
1 0.746157 0.525749 0.012963 0.025622
1 0.305359 0.690727 0.025393 0.007595
1 0.834933 0.712551 0.015644 0.035307
1 0.500663 0.711545 0.032485 0.009927
1 0.802755 0.835564 0.011576 0.022182
1 0.362561 0.618389 0.024700 0.006193
1 0.049012 0.566050 0.026393 0.013561
1 0.738847 0.807046 0.012449 0.022933
1 0.799809 0.557559 0.010899 0.025821
1 0.204921 0.710535 0.025543 0.007575
1 0.746287 0.201110 0.015066 0.032855
1 0.146239 0.630370 0.037870 0.012003
1 0.379353 0.712335 0.027727 0.008910
1 0.766732 0.452163 0.016243 0.033590
1 0.740150 0.289363 0.017983 0.036741
1 0.011397 0.940414 0.014515 0.016485
1 0.537435 0.669062 0.039463 0.011544
1 0.365328 0.637320 0.024039 0.007587
1 0.187769 0.627946 0.025462 0.008123
1 0.752999 0.914080 0.011472 0.022635
1 0.207392 0.720072 0.026105 0.007985
1 0.395877 0.608535 0.030284 0.008156
1 0.532729 0.655738 0.037776 0.011869
1 0.401024 0.636402 0.030453 0.009136
1 0.156516 0.703992 0.034323 0.012315
1 0.726800 0.556425 0.011619 0.023424
1 0.783720 0.523391 0.013982 0.031104
1 0.006970 0.964911 0.013939 0.016442
1 0.039980 0.549808 0.022453 0.011359
1 0.478229 0.583015 0.028842 0.008546
1 0.022069 0.937952 0.016443 0.017983
1 0.796760 0.719609 0.012161 0.022635
1 0.800418 0.304998 0.010718 0.022399
1 0.291085 0.740246 0.035781 0.011963
1 0.778973 0.625583 0.015587 0.026984
1 0.264169 0.657499 0.025701 0.007944
1 0.054411 0.573941 0.024353 0.013063
1 0.799117 0.916592 0.009745 0.018795
1 0.210368 0.738127 0.025355 0.007762
1 0.834541 0.367300 0.013946 0.024255
1 0.769870 0.890555 0.011694 0.020380
1 0.156322 0.679168 0.041410 0.012202
1 0.492920 0.675330 0.030768 0.009787
1 0.748100 0.452900 0.013810 0.031090
1 0.022303 0.517799 0.023243 0.011224
1 0.769927 0.915058 0.009960 0.018573
1 0.065871 0.589519 0.029684 0.014242
1 0.275133 0.713731 0.028434 0.009121
1 0.518175 0.557745 0.042654 0.016122
1 0.139979 0.606149 0.036830 0.011510
1 0.853944 0.116738 0.095412 0.022166
1 0.788458 0.965157 0.009554 0.017604
1 0.542113 0.694653 0.035173 0.009514
1 0.520144 0.582246 0.035472 0.009735
1 0.009319 0.895886 0.018638 0.020578
1 0.270939 0.693685 0.025807 0.006914
1 0.816137 0.657386 0.012753 0.024613
1 0.524450 0.595501 0.036973 0.011863
1 0.486398 0.629113 0.029005 0.009106
1 0.289793 0.605920 0.024570 0.006806
1 0.830117 0.892676 0.012675 0.020798
1 0.392233 0.579999 0.029780 0.009706
1 0.030211 0.533466 0.023528 0.011367
1 0.189567 0.637052 0.026843 0.008454
1 0.837858 0.526933 0.013030 0.025374
1 0.778029 0.368533 0.010738 0.021629
1 0.375477 0.693588 0.027710 0.009808
1 0.786493 0.915932 0.009731 0.017725
1 0.800844 0.891347 0.010876 0.019902
1 0.257295 0.611870 0.024797 0.007814
1 0.406120 0.663930 0.030025 0.008816
1 0.801736 0.988532 0.010588 0.017780
1 0.498658 0.702664 0.032616 0.011079
1 0.803579 0.966580 0.009264 0.017542
1 0.803022 0.808488 0.011218 0.021243
1 0.482881 0.619627 0.028348 0.009420
1 0.857328 0.545423 0.011017 0.018336
1 0.546619 0.706163 0.043855 0.011863
1 0.778643 0.303933 0.010839 0.023110
1 0.413936 0.700898 0.033299 0.008567
1 0.798493 0.748582 0.013091 0.022081
1 0.787263 0.807613 0.012096 0.022451
1 0.286782 0.587653 0.027976 0.008994
1 0.814370 0.917873 0.011170 0.019713
1 0.372386 0.683308 0.027515 0.007851
1 0.755571 0.807534 0.011459 0.021814
1 0.754622 0.889908 0.010561 0.017805
1 0.490609 0.656645 0.030662 0.009256
1 0.835334 0.808825 0.012321 0.021467
1 0.777925 0.718294 0.012817 0.026031
1 0.786981 0.834753 0.010082 0.020969
1 0.854504 0.014728 0.026708 0.006919
1 0.486944 0.638598 0.030799 0.010223
1 0.404179 0.654414 0.029678 0.009699
1 0.820144 0.626820 0.012145 0.022312
1 0.355898 0.590870 0.026468 0.008920
1 0.368960 0.665642 0.025310 0.007550
1 0.854413 0.059839 0.037591 0.009786
1 0.371513 0.674602 0.026638 0.008028
1 0.494771 0.684369 0.030112 0.009536
1 0.496481 0.694324 0.032978 0.011099
1 0.782070 0.198190 0.015127 0.030246
1 0.839267 0.597908 0.011869 0.021163
1 0.721401 0.832154 0.011485 0.025459
1 0.815366 0.967212 0.009489 0.017769
1 0.770470 0.835456 0.011801 0.022426
1 0.762661 0.198730 0.015514 0.030398
1 0.742135 0.625936 0.012262 0.025751
1 0.580796 0.300831 0.025175 0.006892
1 0.854536 0.037732 0.036358 0.010064
1 0.820106 0.524961 0.013682 0.028767
1 0.855083 0.070809 0.032270 0.008757
1 0.023894 0.959045 0.015329 0.016837
1 0.143380 0.616515 0.042088 0.013038
1 0.193828 0.655396 0.026498 0.007477
1 0.409786 0.682370 0.030206 0.009739
1 0.752932 0.834955 0.010462 0.020583
1 0.830575 0.916726 0.009771 0.016785
1 0.850357 0.835803 0.008642 0.015939
1 0.278706 0.731375 0.025708 0.008063
1 0.832395 0.305094 0.014626 0.023953
1 0.776229 0.747735 0.010699 0.020698
1 0.836978 0.559198 0.013463 0.026337
1 0.310098 0.719791 0.026004 0.007715
1 0.796362 0.658520 0.012521 0.022459
1 0.184409 0.609433 0.025216 0.007173
1 0.835836 0.835906 0.009456 0.017854
1 0.874387 0.221612 0.007057 0.009905
1 0.353480 0.570989 0.022229 0.006448
1 0.578480 0.327705 0.024352 0.006826
1 0.390932 0.571382 0.028036 0.008686
1 0.740312 0.747472 0.009935 0.021165
1 0.804921 0.451836 0.012672 0.026417
1 0.801953 0.524809 0.014314 0.027699
1 0.937057 0.042318 0.028965 0.008947
1 0.293993 0.634147 0.024486 0.006810
1 0.820796 0.200533 0.013551 0.030612
1 0.854122 0.306324 0.012777 0.021636
1 0.784933 0.890392 0.011424 0.020675
1 0.815304 0.275351 0.013234 0.021926
1 0.813300 0.304397 0.011054 0.022254
1 0.771993 0.808051 0.013479 0.022703
1 0.594124 0.045769 0.021530 0.005546
1 0.397611 0.617702 0.030057 0.008858
1 0.760248 0.657200 0.012808 0.024487
1 0.798442 0.274401 0.012622 0.022414
1 0.837331 0.659207 0.012351 0.025270
1 0.853013 0.274913 0.014604 0.023586
1 0.841863 0.452459 0.012682 0.025335
1 0.574375 0.336802 0.035083 0.009220
1 0.415648 0.710112 0.031918 0.009574
1 0.856488 0.571184 0.014204 0.027994
1 0.530358 0.631604 0.044736 0.014659
1 0.759780 0.273002 0.013324 0.022157
1 0.937107 0.066537 0.031180 0.008873
1 0.591742 0.027646 0.024259 0.006609
1 0.741043 0.366936 0.014778 0.026173
1 0.740463 0.719031 0.012916 0.022891
1 0.818470 0.560643 0.012357 0.030160
1 0.779730 0.273611 0.011348 0.022187
1 0.191818 0.646526 0.026384 0.007887
1 0.581884 0.283976 0.023333 0.006057
1 0.823234 0.452958 0.012829 0.026743
1 0.250842 0.583417 0.024802 0.008052
1 0.059214 0.581428 0.021303 0.010983
1 0.754668 0.368382 0.014269 0.024302
1 0.785062 0.453491 0.015324 0.032043
1 0.841064 0.200320 0.015040 0.028562
1 0.813403 0.719076 0.011747 0.021958
1 0.359290 0.600158 0.025346 0.008133
1 0.818592 0.836359 0.009922 0.021541
1 0.986636 0.753612 0.020523 0.005501
1 0.480658 0.609197 0.024282 0.007659
1 0.813106 0.749920 0.008592 0.016449
1 0.739006 0.834457 0.011125 0.021065
1 0.312746 0.727824 0.025591 0.007962
1 0.782014 0.559335 0.012237 0.027997
1 0.794997 0.367077 0.011338 0.022024
1 0.293565 0.624394 0.027098 0.007727
1 0.837978 0.627106 0.012747 0.024036
1 0.400460 0.626934 0.031580 0.009338
1 0.168636 0.741805 0.040528 0.012094
1 0.367141 0.646503 0.026832 0.008353
1 0.852510 0.091269 0.036912 0.010527
1 0.857694 0.204190 0.013364 0.030376
1 0.743207 0.655455 0.012075 0.021906
1 0.802302 0.197904 0.014047 0.026973
1 0.778243 0.657202 0.011066 0.024574
1 0.723952 0.746773 0.010498 0.021349
1 0.412102 0.691868 0.031821 0.009300
1 0.723303 0.645331 0.014064 0.037255
1 0.584282 0.275388 0.028180 0.007393
1 0.990043 0.684895 0.017329 0.005440
1 0.292397 0.615500 0.027489 0.007704
1 0.380959 0.722105 0.028199 0.009486
1 0.581385 0.310436 0.024731 0.007111
1 0.833044 0.749004 0.011051 0.021449
1 0.285093 0.579745 0.022436 0.007059
1 0.027486 0.525806 0.021037 0.010455
1 0.544548 0.723506 0.035354 0.011761
1 0.855805 0.626782 0.009386 0.017128
1 0.796112 0.631351 0.009586 0.014562
1 0.758525 0.747265 0.011235 0.022209
1 0.758461 0.301277 0.012388 0.022013
1 0.583614 0.266029 0.021046 0.006276
1 0.852950 0.080058 0.036825 0.008724
1 0.004978 0.944138 0.009957 0.014650
1 0.583069 0.229695 0.024625 0.006353
1 0.298308 0.652146 0.023156 0.005782
1 0.394736 0.735010 0.035701 0.015891
1 0.726691 0.524922 0.013852 0.030188
1 0.984164 0.724813 0.024341 0.006393
1 0.844312 0.928545 0.006280 0.008332
1 0.764252 0.525975 0.015525 0.027973
1 0.985673 0.759598 0.021712 0.005623
1 0.850431 0.791561 0.006231 0.010109
1 0.178023 0.590565 0.025351 0.007800
1 0.989293 0.736507 0.021010 0.005694
1 0.592741 0.010587 0.026044 0.007201
1 0.187479 0.752789 0.040890 0.014576
1 0.582748 0.248549 0.024739 0.006540
1 0.009532 0.491757 0.019063 0.009786
1 0.590633 0.054456 0.022055 0.005754
1 0.986724 0.696256 0.021681 0.005438
1 0.984386 0.712384 0.022401 0.005857
1 0.582684 0.239920 0.024064 0.007267
1 0.985163 0.707044 0.023615 0.005679
1 0.989459 0.690903 0.018009 0.005227
1 0.987457 0.748219 0.021102 0.005575
1 0.584173 0.209802 0.026287 0.007234
1 0.987882 0.742618 0.020836 0.005755
1 0.845879 0.911549 0.010083 0.016829
1 0.583809 0.218724 0.025549 0.007265
1 0.981471 0.799627 0.023343 0.006222
1 0.855513 0.368621 0.009373 0.020041
1 0.032866 0.956941 0.014391 0.015603
1 0.722867 0.639191 0.015178 0.048932
1 0.031585 0.935691 0.014551 0.018027
1 0.985331 0.701548 0.024037 0.005707
1 0.987167 0.661524 0.022136 0.006480
1 0.980565 0.805283 0.021811 0.006037
1 0.816474 0.807980 0.009965 0.019961
1 0.938627 0.054999 0.023261 0.007314
1 0.979348 0.839618 0.020407 0.005276
1 0.853061 0.094089 0.036157 0.007684
1 0.987804 0.649988 0.022343 0.005418
1 0.983035 0.765200 0.022891 0.005993
1 0.987808 0.794106 0.013712 0.004731
1 0.840944 0.272490 0.008521 0.017884
1 0.990574 0.673620 0.016947 0.005201
1 0.858511 0.048612 0.029525 0.008935
1 0.841944 0.962817 0.010637 0.019553
1 0.860956 0.987317 0.012113 0.017747
1 0.798347 0.393261 0.083414 0.015477
1 0.586678 0.171560 0.021616 0.006312
1 0.978750 0.826638 0.022932 0.006455
1 0.989934 0.628848 0.019361 0.005679
1 0.947620 0.965926 0.009939 0.014568
1 0.418603 0.718882 0.035557 0.008670
1 0.587257 0.144801 0.022645 0.005830
1 0.990871 0.622864 0.018213 0.005585
1 0.974225 0.951469 0.024170 0.007184
1 0.880634 0.150313 0.011349 0.014695
1 0.853758 0.665050 0.007474 0.011118
1 0.991074 0.610216 0.017852 0.005865
1 0.854345 0.648277 0.008561 0.013990
1 0.588556 0.127368 0.020933 0.005297
1 0.979900 0.811356 0.020578 0.005840
1 0.979949 0.776093 0.030219 0.006668
1 0.975457 0.904991 0.022563 0.006587
1 0.588378 0.136045 0.022369 0.005534
1 0.990107 0.058252 0.019786 0.007182
1 0.587383 0.153472 0.021658 0.005475
1 0.014721 0.994429 0.029443 0.011132
