1 0.622554 0.683469 0.048185 0.012719
1 0.498587 0.272527 0.046842 0.014742
1 0.692502 0.358572 0.042094 0.011089
1 0.496479 0.324898 0.044967 0.013719
1 0.694236 0.396714 0.052200 0.014720
1 0.684205 0.793200 0.050488 0.013328
1 0.830233 0.855210 0.051909 0.015143
1 0.321950 0.252681 0.037588 0.010671
1 0.696693 0.341747 0.050389 0.014225
1 0.322336 0.269317 0.041238 0.012771
1 0.897345 0.895775 0.058152 0.015303
1 0.919365 0.277048 0.053603 0.014511
1 0.267367 0.328164 0.038458 0.010964
1 0.633678 0.305100 0.053092 0.014536
1 0.439742 0.323773 0.038842 0.012041
1 0.972861 0.082565 0.018242 0.034595
1 0.712541 0.125185 0.060803 0.016479
1 0.316986 0.360515 0.039345 0.011963
1 0.706522 0.141198 0.044787 0.012122
1 0.896019 0.876271 0.055751 0.015251
1 0.318242 0.330580 0.039580 0.011695
1 0.699044 0.287826 0.054556 0.015460
1 0.702474 0.234010 0.052939 0.014951
1 0.502008 0.186854 0.045337 0.013462
1 0.439154 0.271415 0.041379 0.013047
1 0.319807 0.298879 0.039065 0.011064
1 0.698501 0.305742 0.054127 0.013687
1 0.641091 0.142219 0.050960 0.014659
1 0.845623 0.415913 0.056099 0.016000
1 0.326816 0.689065 0.046094 0.013616
1 0.463294 0.430915 0.078330 0.017857
1 0.700567 0.215316 0.046865 0.013389
1 0.320937 0.284656 0.041463 0.011576
1 0.503924 0.625038 0.053585 0.015694
1 0.322935 0.702133 0.039713 0.011940
1 0.497964 0.662730 0.048818 0.012751
1 0.494496 0.376019 0.047408 0.014046
1 0.502862 0.169907 0.042717 0.012658
1 0.501721 0.221263 0.046707 0.013011
1 0.495019 0.358266 0.042395 0.011910
1 0.271425 0.748051 0.032986 0.009573
1 0.317847 0.346967 0.038033 0.010854
1 0.690234 0.666446 0.050961 0.014472
1 0.326807 0.673637 0.043977 0.013542
1 0.629163 0.378277 0.057850 0.016420
1 0.499572 0.342006 0.045080 0.013266
1 0.333902 0.583984 0.045881 0.014231
1 0.685247 0.737027 0.049263 0.014089
1 0.443968 0.132405 0.038417 0.010629
1 0.847234 0.243059 0.054960 0.017459
1 0.322280 0.776738 0.041745 0.013059
1 0.316417 0.377397 0.036878 0.011547
1 0.440786 0.340715 0.042131 0.012878
1 0.498738 0.255808 0.045841 0.014143
1 0.686765 0.683397 0.049427 0.013780
1 0.696331 0.324007 0.056220 0.015983
1 0.321024 0.748723 0.040087 0.010392
1 0.686460 0.701664 0.053005 0.014148
1 0.850756 0.320239 0.055532 0.015977
1 0.496532 0.307469 0.045964 0.014045
1 0.324783 0.175715 0.037799 0.011645
1 0.501024 0.237168 0.046104 0.012786
1 0.702736 0.179447 0.051491 0.014537
1 0.846595 0.204088 0.051424 0.015162
1 0.844888 0.127536 0.063168 0.018152
1 0.487428 0.847856 0.043638 0.012664
1 0.640898 0.161619 0.052161 0.015308
1 0.685150 0.774851 0.051649 0.014307
1 0.264304 0.390468 0.041342 0.012472
1 0.267345 0.820107 0.039622 0.012247
1 0.432298 0.832774 0.041845 0.011123
1 0.851317 0.261837 0.061347 0.016840
1 0.844024 0.222314 0.056913 0.016692
1 0.444513 0.152219 0.046627 0.014366
1 0.501020 0.679012 0.050873 0.014147
1 0.444572 0.220395 0.043402 0.012669
1 0.839286 0.654761 0.054192 0.014742
1 0.916645 0.417601 0.062815 0.018594
1 0.321811 0.762026 0.039214 0.011923
1 0.702008 0.251360 0.054116 0.015760
1 0.318446 0.315774 0.036936 0.011484
1 0.689165 0.647334 0.053554 0.013923
1 0.177552 0.592587 0.033850 0.009744
1 0.920545 0.336469 0.061808 0.017344
1 0.324104 0.206616 0.039293 0.011548
1 0.702999 0.161136 0.047031 0.013835
1 0.488752 0.798347 0.039417 0.011387
1 0.505953 0.134640 0.044198 0.012948
1 0.846800 0.282144 0.064985 0.017960
1 0.318658 0.833085 0.038228 0.010826
1 0.637902 0.233653 0.046801 0.013176
1 0.644950 0.435134 0.082463 0.019684
1 0.327121 0.146014 0.036876 0.011259
1 0.700316 0.268720 0.046158 0.014064
1 0.921915 0.296887 0.056482 0.015404
1 0.329139 0.599381 0.043935 0.013017
1 0.630274 0.414187 0.054659 0.015052
1 0.622852 0.737278 0.047484 0.012806
1 0.910770 0.740654 0.052108 0.013691
1 0.263004 0.406316 0.040934 0.011742
1 0.905622 0.759526 0.062939 0.016169
1 0.976420 0.014084 0.018078 0.027243
1 0.846709 0.338806 0.048929 0.012992
1 0.322710 0.238689 0.039556 0.011849
1 0.501714 0.608417 0.046549 0.014607
1 0.438160 0.728329 0.041941 0.011700
1 0.489131 0.816928 0.046658 0.014120
1 0.490002 0.782240 0.045274 0.014030
1 0.838398 0.636013 0.059355 0.016446
1 0.500805 0.204164 0.043826 0.012436
1 0.497541 0.643565 0.048358 0.013372
1 0.325989 0.629046 0.044650 0.013586
1 0.274831 0.607447 0.035645 0.010737
1 0.489623 0.766289 0.043042 0.012533
1 0.497602 0.696805 0.049381 0.014865
1 0.921792 0.317714 0.063178 0.018400
1 0.693022 0.377144 0.048763 0.012760
1 0.505295 0.152903 0.045480 0.012468
1 0.912636 0.618835 0.056752 0.014576
1 0.175821 0.563765 0.034880 0.009477
1 0.439649 0.696260 0.039748 0.012469
1 0.327467 0.612817 0.042926 0.011272
1 0.622772 0.774455 0.044767 0.013978
1 0.324287 0.732834 0.045710 0.012436
1 0.827546 0.837237 0.053677 0.014736
1 0.926855 0.129789 0.073860 0.017916
1 0.318644 0.819063 0.039771 0.011488
1 0.313368 0.113339 0.030455 0.010311
1 0.500741 0.289832 0.050765 0.014924
1 0.178092 0.661017 0.037079 0.010142
1 0.323901 0.223918 0.039316 0.010511
1 0.265834 0.300587 0.027901 0.009307
1 0.313877 0.424758 0.052412 0.011768
1 0.687165 0.719910 0.052692 0.013235
1 0.496022 0.733370 0.040845 0.012338
1 0.628404 0.592726 0.046389 0.012923
1 0.636070 0.286849 0.052238 0.014732
1 0.837978 0.730915 0.047045 0.011722
1 0.506560 0.118539 0.040321 0.013078
1 0.319877 0.789968 0.041191 0.010868
1 0.168864 0.812477 0.036030 0.011033
1 0.275924 0.636415 0.037947 0.011413
1 0.636883 0.250779 0.048455 0.014033
1 0.495343 0.394087 0.046102 0.012477
1 0.437039 0.409695 0.045261 0.013422
1 0.272751 0.213135 0.037655 0.010469
1 0.489489 0.865862 0.043652 0.012879
1 0.278577 0.135788 0.034293 0.010239
1 0.491474 0.751904 0.045732 0.013836
1 0.270099 0.280720 0.037010 0.010519
1 0.909180 0.658511 0.059261 0.016414
1 0.640325 0.123484 0.037938 0.012190
1 0.324778 0.644076 0.041979 0.013248
1 0.493765 0.410163 0.042632 0.012451
1 0.909106 0.679058 0.063279 0.016163
1 0.326013 0.160205 0.040761 0.011539
1 0.630452 0.396025 0.051306 0.015013
1 0.315623 0.394651 0.034761 0.009200
1 0.438135 0.741865 0.041503 0.013001
1 0.832207 0.765116 0.052130 0.013971
1 0.318152 0.851548 0.038481 0.011943
1 0.704244 0.431650 0.028292 0.008723
1 0.169666 0.800176 0.034495 0.009114
1 0.685052 0.755909 0.051278 0.014990
1 0.445524 0.187752 0.041723 0.012378
1 0.318879 0.806150 0.041840 0.010431
1 0.444123 0.604326 0.041609 0.012417
1 0.624001 0.718006 0.045984 0.012374
1 0.434645 0.789259 0.038003 0.010785
1 0.449482 0.167512 0.036466 0.010788
1 0.170015 0.775489 0.033222 0.008918
1 0.636583 0.196834 0.052937 0.015584
1 0.174346 0.712724 0.027909 0.008945
1 0.693800 0.612139 0.048155 0.012622
1 0.172795 0.738963 0.033707 0.010186
1 0.170585 0.787562 0.032804 0.009431
1 0.280047 0.123758 0.034187 0.009986
1 0.438144 0.288471 0.048964 0.014493
1 0.630428 0.341808 0.051505 0.013513
1 0.272432 0.253482 0.034805 0.009900
1 0.631430 0.358460 0.051026 0.013936
1 0.635095 0.214251 0.056493 0.014306
1 0.617162 0.862196 0.045636 0.013083
1 0.266547 0.805218 0.031245 0.008947
1 0.908262 0.700054 0.063422 0.016016
1 0.272390 0.664887 0.039977 0.010813
1 0.841524 0.597719 0.058785 0.016198
1 0.358943 0.114262 0.031805 0.009387
1 0.625380 0.665242 0.050832 0.013792
1 0.900019 0.857726 0.064348 0.019168
1 0.442684 0.255341 0.043292 0.012456
1 0.436361 0.374230 0.040531 0.013409
1 0.277010 0.175932 0.033033 0.009261
1 0.172407 0.727157 0.031477 0.010384
1 0.849186 0.148113 0.057758 0.016654
1 0.901905 0.837472 0.061998 0.016448
1 0.921411 0.376561 0.065967 0.016478
1 0.442215 0.237361 0.042296 0.012523
1 0.848260 0.378801 0.052573 0.013923
1 0.697549 0.881900 0.061188 0.015763
1 0.924864 0.258533 0.062833 0.017695
1 0.440984 0.634901 0.038969 0.010755
1 0.325465 0.659024 0.040518 0.012012
1 0.831137 0.890696 0.048540 0.012531
1 0.178411 0.647885 0.035520 0.010190
1 0.850407 0.166633 0.054115 0.014955
1 0.923527 0.357141 0.067570 0.018279
1 0.834870 0.802293 0.050732 0.013714
1 0.265362 0.832008 0.035605 0.011078
1 0.325136 0.191349 0.038064 0.010867
1 0.275270 0.240316 0.032607 0.009669
1 0.837571 0.692998 0.056002 0.014875
1 0.356953 0.879247 0.023780 0.008433
1 0.637740 0.269302 0.049909 0.014598
1 0.434387 0.802432 0.040205 0.010583
1 0.925522 0.152331 0.069547 0.018195
1 0.844471 0.186167 0.058437 0.017246
1 0.174132 0.675225 0.033493 0.010040
1 0.265813 0.359389 0.039694 0.014172
1 0.847737 0.357921 0.052592 0.015001
1 0.276669 0.187679 0.031765 0.009214
1 0.928342 0.238042 0.071073 0.019033
1 0.435040 0.771935 0.041458 0.011828
1 0.844640 0.397639 0.061881 0.017163
1 0.265305 0.375134 0.038769 0.011407
1 0.911721 0.597864 0.055416 0.013172
1 0.636935 0.321290 0.044103 0.011598
1 0.265194 0.860530 0.034162 0.011469
1 0.826505 0.873972 0.059756 0.016282
1 0.440455 0.665651 0.042914 0.011659
1 0.169810 0.861259 0.038148 0.010388
1 0.439752 0.710688 0.038485 0.012033
1 0.276169 0.623967 0.035067 0.009746
1 0.269899 0.763337 0.037519 0.010863
1 0.440497 0.679663 0.040043 0.011599
1 0.268988 0.776768 0.038112 0.011109
1 0.446442 0.203671 0.043446 0.011906
1 0.910286 0.718284 0.065409 0.015626
1 0.330871 0.130553 0.047808 0.012986
1 0.276853 0.149968 0.029187 0.009048
1 0.171033 0.752373 0.031533 0.009696
1 0.273092 0.692588 0.034696 0.010428
1 0.681105 0.829835 0.056183 0.015070
1 0.269410 0.793799 0.036473 0.010698
1 0.273404 0.651135 0.038864 0.011200
1 0.316590 0.408093 0.040019 0.010666
1 0.925308 0.174216 0.071591 0.019337
1 0.277424 0.595768 0.037237 0.010103
1 0.501696 0.589103 0.043066 0.011974
1 0.441864 0.306392 0.040257 0.012724
1 0.904439 0.797658 0.065160 0.015609
1 0.270261 0.735610 0.036348 0.009668
1 0.271441 0.719681 0.033805 0.010166
1 0.923815 0.195313 0.073512 0.019808
1 0.305555 0.563972 0.055819 0.014214
1 0.274268 0.228620 0.030611 0.008993
1 0.881030 0.574164 0.096868 0.020528
1 0.177025 0.619974 0.034807 0.011363
1 0.165991 0.825723 0.028507 0.008870
1 0.905326 0.778217 0.067399 0.016008
1 0.692735 0.593805 0.050754 0.013102
1 0.261853 0.848902 0.027122 0.008277
1 0.447018 0.571108 0.043479 0.010761
1 0.273578 0.680420 0.031052 0.009560
1 0.267200 0.313523 0.041064 0.011667
1 0.274035 0.201150 0.037303 0.009605
1 0.693126 0.413779 0.052211 0.012333
1 0.435500 0.392846 0.043752 0.013304
1 0.671662 0.860380 0.027273 0.008875
1 0.266965 0.345415 0.036329 0.012874
1 0.167348 0.835853 0.022279 0.007617
1 0.426163 0.110702 0.030200 0.007789
1 0.280157 0.161487 0.029112 0.009079
1 0.856879 0.440797 0.074360 0.023009
1 0.615735 0.751017 0.024632 0.008519
1 0.920860 0.396728 0.060793 0.015027
1 0.167371 0.849425 0.031512 0.009157
1 0.268970 0.262583 0.014311 0.004928
1 0.493900 0.103648 0.017407 0.006667
1 0.848051 0.677033 0.023723 0.009613
1 0.436463 0.758535 0.042102 0.012113
1 0.913179 0.813653 0.014210 0.007990
1 0.477257 0.885595 0.019475 0.005984
1 0.823026 0.111657 0.021631 0.006451
1 0.437127 0.356726 0.047549 0.012493
1 0.624524 0.703168 0.020309 0.009699
1 0.899198 0.113958 0.018819 0.006714
1 0.496974 0.559934 0.052473 0.013292
1 0.943797 0.798586 0.008087 0.010970
1 0.950481 0.064062 0.008360 0.013340
1 0.268430 0.270456 0.027669 0.008987
1 0.624699 0.878418 0.027279 0.007837
1 0.410407 0.880566 0.030228 0.009458
1 0.270220 0.420412 0.016610 0.005529
1 0.451099 0.112935 0.013391 0.005425
1 0.270593 0.708336 0.023020 0.007648
1 0.637014 0.111958 0.016131 0.007560
1 0.689462 0.868073 0.022002 0.007230
1 0.514885 0.104396 0.020575 0.006524
1 0.497951 0.571359 0.055131 0.016850
