1 0.111422 0.950927 0.083072 0.033418
1 0.367505 0.428629 0.018512 0.012187
1 0.162482 0.476782 0.023730 0.017151
1 0.588061 0.641913 0.028379 0.018809
1 0.490004 0.300358 0.024490 0.014777
1 0.465455 0.662241 0.022656 0.014725
1 0.594687 0.318733 0.018306 0.011806
1 0.527451 0.410517 0.025610 0.015720
1 0.324561 0.197596 0.033901 0.022515
1 0.149072 0.539269 0.019624 0.013740
1 0.202496 0.408455 0.024826 0.016848
1 0.340784 0.227179 0.031801 0.024541
1 0.324794 0.108749 0.026876 0.018458
1 0.406046 0.198299 0.028866 0.020967
1 0.086088 0.529242 0.043974 0.026170
1 0.444492 0.641868 0.028297 0.017683
1 0.225761 0.570485 0.018742 0.011237
1 0.343568 0.640400 0.029367 0.019238
1 0.167812 0.570507 0.019704 0.012580
1 0.406849 0.661389 0.019882 0.013071
1 0.380329 0.775515 0.029436 0.019371
1 0.177342 0.638580 0.024322 0.018304
1 0.546542 0.721415 0.025799 0.019864
1 0.266678 0.697633 0.023302 0.014713
1 0.558363 0.592628 0.024924 0.018198
1 0.354550 0.590598 0.026015 0.018745
1 0.526033 0.137563 0.029378 0.020296
1 0.305549 0.833869 0.023005 0.014960
1 0.405429 0.698671 0.021352 0.014050
1 0.604468 0.200966 0.032173 0.021458
1 0.139678 0.408029 0.026649 0.016222
1 0.387881 0.110914 0.025675 0.019329
1 0.244980 0.639642 0.024510 0.016928
1 0.183567 0.296856 0.020397 0.015830
1 0.104483 0.356925 0.034525 0.026986
1 0.209322 0.196464 0.028799 0.022622
1 0.239191 0.297164 0.024833 0.015974
1 0.446642 0.137754 0.030486 0.024009
1 0.573248 0.111951 0.027688 0.019018
1 0.123936 0.538788 0.023724 0.014246
1 0.651158 0.371503 0.017270 0.009510
1 0.200528 0.346511 0.021982 0.013257
1 0.379531 0.227920 0.030775 0.026133
1 0.253581 0.135387 0.033799 0.024395
1 0.267036 0.365954 0.025065 0.017236
1 0.111109 0.304030 0.035035 0.025987
1 0.046800 0.780057 0.044245 0.040201
1 0.565451 0.137177 0.029051 0.019256
1 0.273315 0.773979 0.034914 0.022451
1 0.420598 0.591651 0.023901 0.017492
1 0.339251 0.478869 0.023464 0.017180
1 0.412178 0.640913 0.026986 0.017796
1 0.457092 0.592696 0.024343 0.018716
1 0.319507 0.590447 0.029465 0.018460
1 0.522761 0.592316 0.028776 0.018798
1 0.258112 0.225556 0.030718 0.025091
1 0.251182 0.591239 0.026195 0.020195
1 0.415948 0.834854 0.021837 0.014740
1 0.577215 0.699929 0.023615 0.015222
1 0.550352 0.662511 0.020447 0.013365
1 0.178441 0.134926 0.029983 0.021255
1 0.546476 0.699873 0.021919 0.013614
1 0.488625 0.592817 0.026999 0.017534
1 0.259451 0.408724 0.025045 0.016644
1 0.523777 0.200101 0.031003 0.023252
1 0.300437 0.570839 0.020658 0.013237
1 0.549362 0.461244 0.018244 0.012050
1 0.335333 0.135954 0.026661 0.019213
1 0.117760 0.569535 0.019963 0.012848
1 0.063979 0.699748 0.034372 0.024034
1 0.102365 0.418425 0.034493 0.024522
1 0.374523 0.135979 0.025185 0.019931
1 0.211158 0.296912 0.023942 0.015739
1 0.517172 0.699968 0.021903 0.014160
1 0.515632 0.641417 0.026635 0.018334
1 0.210222 0.639664 0.026147 0.017986
1 0.439002 0.661430 0.020957 0.012900
1 0.291722 0.409891 0.027182 0.016489
1 0.306061 0.521354 0.024614 0.015981
1 0.552727 0.641542 0.029985 0.018744
1 0.114535 0.589545 0.032435 0.020526
1 0.487778 0.138277 0.030436 0.023715
1 0.408500 0.316895 0.019886 0.012768
1 0.504424 0.798500 0.020342 0.013434
1 0.557336 0.836318 0.023783 0.013470
1 0.480380 0.640916 0.026546 0.019187
1 0.250833 0.833284 0.020977 0.013574
1 0.273391 0.521149 0.026103 0.016323
1 0.463893 0.110580 0.026161 0.018815
1 0.521212 0.662382 0.022531 0.014262
1 0.285205 0.109653 0.030604 0.020313
1 0.170505 0.225724 0.030128 0.025171
1 0.266206 0.459503 0.018901 0.011894
1 0.588889 0.369153 0.027104 0.016623
1 0.570614 0.318206 0.021768 0.013082
1 0.349480 0.409988 0.024494 0.017004
1 0.644399 0.138860 0.027545 0.018693
1 0.212488 0.697516 0.022643 0.014304
1 0.489519 0.699594 0.020541 0.014400
1 0.328743 0.539657 0.021627 0.012882
1 0.120189 0.212568 0.043301 0.042802
1 0.578924 0.664815 0.026437 0.013967
1 0.598219 0.140256 0.032514 0.023863
1 0.277618 0.639740 0.029102 0.019974
1 0.228312 0.315276 0.017617 0.011948
1 0.168354 0.773697 0.033232 0.020862
1 0.386002 0.591157 0.025418 0.018319
1 0.216366 0.226315 0.029268 0.023972
1 0.205852 0.719043 0.025172 0.018706
1 0.246026 0.196284 0.029047 0.022494
1 0.423443 0.522506 0.024631 0.016163
1 0.444803 0.368166 0.026253 0.017070
1 0.351643 0.298146 0.020220 0.013862
1 0.404611 0.571855 0.018493 0.011889
1 0.510856 0.521921 0.025586 0.018196
1 0.499709 0.111655 0.024752 0.016879
1 0.108179 0.659168 0.024339 0.016005
1 0.223702 0.347646 0.019783 0.012625
1 0.125918 0.520040 0.024909 0.017096
1 0.192328 0.477210 0.022887 0.016720
1 0.103069 0.718097 0.030241 0.020418
1 0.473027 0.461189 0.017001 0.011147
1 0.297344 0.136045 0.027410 0.020674
1 0.393095 0.522428 0.026568 0.016190
1 0.216633 0.590700 0.024762 0.019309
1 0.460458 0.699125 0.028074 0.015922
1 0.247092 0.571548 0.020137 0.010329
1 0.545114 0.317697 0.017564 0.011892
1 0.063731 0.649754 0.042918 0.020630
1 0.602630 0.523349 0.024872 0.019282
1 0.292830 0.698036 0.022503 0.013969
1 0.172143 0.408185 0.025776 0.016449
1 0.146667 0.364352 0.025199 0.016927
1 0.492051 0.317819 0.020147 0.011672
1 0.214454 0.107435 0.030911 0.022073
1 0.360910 0.796971 0.022606 0.015145
1 0.188875 0.898070 0.022598 0.013608
1 0.441002 0.410985 0.022072 0.015063
1 0.095707 0.773492 0.024253 0.020556
1 0.312636 0.639887 0.025163 0.019183
1 0.146678 0.638431 0.024819 0.018186
1 0.376006 0.720458 0.025924 0.021010
1 0.142973 0.570427 0.021144 0.013992
1 0.290125 0.428418 0.017440 0.011359
1 0.412044 0.410386 0.021097 0.014726
1 0.590866 0.592789 0.028289 0.019545
1 0.378889 0.640566 0.026026 0.018994
1 0.267517 0.298381 0.025606 0.016644
1 0.520291 0.317579 0.019459 0.012053
1 0.370225 0.478388 0.024304 0.016872
1 0.160631 0.977273 0.044478 0.016231
1 0.191297 0.659544 0.020161 0.013736
1 0.609765 0.479895 0.025583 0.017435
1 0.198307 0.539204 0.019161 0.012807
1 0.493721 0.661912 0.021513 0.015117
1 0.155746 0.899109 0.027337 0.016461
1 0.397957 0.460098 0.019099 0.012753
1 0.250760 0.478010 0.026197 0.018876
1 0.441452 0.720887 0.026843 0.020495
1 0.154114 0.314501 0.018472 0.012176
1 0.277212 0.570771 0.018664 0.012514
1 0.177054 0.364570 0.023379 0.016469
1 0.441378 0.834956 0.020834 0.015444
1 0.085876 0.832800 0.024196 0.014892
1 0.252988 0.316011 0.019577 0.012284
1 0.384954 0.348316 0.018554 0.011309
1 0.216030 0.135467 0.027753 0.024549
1 0.434600 0.299363 0.023807 0.015872
1 0.603112 0.300016 0.024713 0.017691
1 0.535595 0.111645 0.028190 0.019944
1 0.069372 0.581252 0.045517 0.022744
1 0.150765 0.590765 0.031094 0.020741
1 0.195165 0.570721 0.018699 0.012802
1 0.519241 0.479904 0.023416 0.016962
1 0.250469 0.539317 0.019056 0.012912
1 0.520410 0.299938 0.021951 0.014016
1 0.278377 0.315673 0.019533 0.012335
1 0.116958 0.833031 0.021102 0.013503
1 0.545722 0.300763 0.018569 0.014001
1 0.434378 0.349292 0.018557 0.012435
1 0.091054 0.793936 0.023119 0.015064
1 0.271028 0.660655 0.025577 0.017753
1 0.084407 0.472149 0.046939 0.022896
1 0.571871 0.541620 0.015895 0.009594
1 0.048640 0.847393 0.026671 0.009704
1 0.318063 0.459875 0.017285 0.011986
1 0.307226 0.796890 0.025425 0.015587
1 0.156017 0.519699 0.024187 0.018131
1 0.355298 0.317102 0.019918 0.014047
1 0.449682 0.429272 0.018087 0.011868
1 0.153263 0.297273 0.024977 0.016285
1 0.277133 0.348344 0.017801 0.011641
1 0.513845 0.853714 0.018115 0.011439
1 0.150444 0.346919 0.020399 0.012200
1 0.433746 0.316993 0.018383 0.012079
1 0.050372 0.833505 0.025474 0.013441
1 0.137889 0.426021 0.021469 0.012817
1 0.244627 0.459557 0.015058 0.010187
1 0.174353 0.539149 0.022780 0.014678
1 0.624234 0.318527 0.022920 0.014208
1 0.131690 0.458893 0.020558 0.012397
1 0.603543 0.461958 0.019845 0.011654
1 0.437158 0.852432 0.022045 0.012258
1 0.463705 0.540643 0.018702 0.011676
1 0.379392 0.298910 0.020797 0.014199
1 0.134191 0.475780 0.023815 0.015402
1 0.380743 0.571644 0.018969 0.012181
1 0.351980 0.660634 0.020699 0.014219
1 0.459052 0.479261 0.025194 0.017896
1 0.177152 0.314821 0.019797 0.011845
1 0.159823 0.850453 0.018216 0.012823
1 0.382869 0.316441 0.021989 0.012463
1 0.497754 0.836447 0.021198 0.013425
1 0.401415 0.539790 0.021672 0.013445
1 0.173963 0.795406 0.021252 0.013962
1 0.537984 0.573073 0.020373 0.011544
1 0.135453 0.659375 0.021034 0.014157
1 0.326602 0.573180 0.014240 0.008138
1 0.501694 0.429316 0.020350 0.012179
1 0.604279 0.429906 0.016692 0.010000
1 0.321018 0.459920 0.018397 0.012689
1 0.113634 0.569651 0.026842 0.013542
1 0.190206 0.995963 0.036669 0.007740
1 0.260386 0.850738 0.016214 0.011630
1 0.628443 0.520911 0.016749 0.009531
1 0.302984 0.315788 0.016729 0.012552
1 0.563914 0.853223 0.018923 0.010496
1 0.456848 0.572761 0.018893 0.011420
1 0.428709 0.522748 0.028781 0.016803
1 0.517225 0.854119 0.018220 0.011669
1 0.276487 0.476845 0.016795 0.014105
1 0.493392 0.853866 0.014995 0.010029
1 0.670431 0.112752 0.022151 0.019448
1 0.324175 0.572265 0.015822 0.010222
1 0.049385 0.839555 0.028329 0.025864
1 0.049841 0.846209 0.030251 0.012399
