1 0.884989 0.834239 0.024062 0.076679
1 0.679151 0.391562 0.019895 0.016823
1 0.747020 0.642823 0.017259 0.013538
1 0.819972 0.560607 0.020904 0.017704
1 0.142261 0.745941 0.034624 0.024207
1 0.240344 0.433478 0.034605 0.024890
1 0.340973 0.800014 0.030929 0.025998
1 0.357572 0.328990 0.030582 0.023334
1 0.277334 0.473620 0.028361 0.021906
1 0.281770 0.395933 0.031342 0.023047
1 0.356365 0.412982 0.031492 0.023998
1 0.391939 0.456064 0.029693 0.021426
1 0.454999 0.613947 0.026179 0.019549
1 0.647162 0.465459 0.023720 0.018250
1 0.556194 0.477132 0.023734 0.020312
1 0.356204 0.384815 0.034247 0.025286
1 0.347837 0.634643 0.031771 0.027618
1 0.212513 0.848942 0.016671 0.088884
1 0.268272 0.712743 0.030690 0.023498
1 0.386598 0.558046 0.028319 0.021586
1 0.463911 0.392830 0.022984 0.017509
1 0.242960 0.404905 0.031589 0.024659
1 0.577742 0.705884 0.024732 0.019674
1 0.115224 0.373667 0.033291 0.023279
1 0.456538 0.589381 0.030276 0.022841
1 0.142674 0.692203 0.030929 0.024376
1 0.157041 0.270743 0.029507 0.020962
1 0.558643 0.403650 0.025873 0.020387
1 0.345306 0.662702 0.030060 0.022855
1 0.492887 0.486076 0.025143 0.019006
1 0.586663 0.476747 0.024777 0.018451
1 0.266195 0.737445 0.027923 0.019536
1 0.357916 0.358464 0.030930 0.023524
1 0.376857 0.782611 0.027791 0.021268
1 0.679253 0.370425 0.020721 0.016722
1 0.115775 0.424459 0.033649 0.023316
1 0.498335 0.321157 0.022629 0.019860
1 0.227103 0.723239 0.033466 0.023819
1 0.820200 0.538338 0.018306 0.014923
1 0.646848 0.487758 0.022724 0.019020
1 0.817775 0.651214 0.021713 0.019290
1 0.381517 0.707885 0.030178 0.021160
1 0.718076 0.726769 0.022100 0.017884
1 0.160742 0.298506 0.036899 0.026630
1 0.264553 0.792694 0.028672 0.028047
1 0.718941 0.704678 0.019733 0.016027
1 0.593804 0.362311 0.025234 0.020059
1 0.236971 0.521535 0.033597 0.027221
1 0.666968 0.693654 0.020197 0.016443
1 0.242235 0.374642 0.033273 0.025916
1 0.486050 0.675970 0.026345 0.022106
1 0.282442 0.341887 0.030065 0.024188
1 0.668793 0.632936 0.020773 0.015788
1 0.354671 0.443253 0.031715 0.024181
1 0.884932 0.777542 0.029496 0.030097
1 0.747566 0.681115 0.019539 0.015186
1 0.678810 0.412254 0.021843 0.018285
1 0.343463 0.719433 0.032059 0.025543
1 0.394079 0.358263 0.027208 0.022802
1 0.281480 0.369538 0.028510 0.024746
1 0.637205 0.694805 0.021264 0.015804
1 0.580791 0.636096 0.025075 0.020679
1 0.755146 0.455729 0.014884 0.012870
1 0.879705 0.719986 0.026896 0.027251
1 0.149053 0.579968 0.032197 0.024711
1 0.496464 0.415653 0.026855 0.021469
1 0.392306 0.433066 0.026055 0.020988
1 0.451150 0.664273 0.030260 0.020177
1 0.820423 0.580586 0.022070 0.016943
1 0.154728 0.353339 0.033083 0.023926
1 0.460897 0.467395 0.027288 0.020036
1 0.385311 0.582679 0.027589 0.021637
1 0.480993 0.794506 0.024427 0.021714
1 0.270203 0.660615 0.031642 0.023641
1 0.388283 0.508850 0.027912 0.018941
1 0.592446 0.384866 0.024719 0.018945
1 0.664301 0.771578 0.021071 0.017228
1 0.328797 0.854073 0.018611 0.073980
1 0.151040 0.525820 0.035266 0.024247
1 0.719666 0.682783 0.021615 0.016903
1 0.814762 0.783509 0.032000 0.023163
1 0.749077 0.587234 0.017957 0.013375
1 0.667367 0.672079 0.020889 0.017242
1 0.643582 0.558786 0.021510 0.016488
1 0.394626 0.307627 0.027002 0.021937
1 0.113223 0.319174 0.035874 0.023737
1 0.156416 0.410970 0.035759 0.026255
1 0.270268 0.633109 0.029889 0.022611
1 0.276704 0.526353 0.032493 0.027395
1 0.751922 0.510933 0.019190 0.016135
1 0.717293 0.746977 0.019648 0.014719
1 0.648347 0.443216 0.022480 0.016873
1 0.558089 0.428882 0.023655 0.021663
1 0.664915 0.752809 0.020841 0.016613
1 0.636005 0.740378 0.022877 0.020386
1 0.260213 0.843381 0.014362 0.070987
1 0.634796 0.763308 0.025684 0.020343
1 0.574964 0.750143 0.022685 0.019146
1 0.449704 0.739773 0.028018 0.020755
1 0.390455 0.482447 0.027915 0.022585
1 0.758482 0.363012 0.019603 0.013911
1 0.461945 0.440950 0.028723 0.022025
1 0.233355 0.550784 0.031560 0.023338
1 0.581371 0.589873 0.020667 0.017895
1 0.818341 0.755467 0.030424 0.023626
1 0.679124 0.351000 0.017707 0.013455
1 0.588524 0.453211 0.022597 0.020071
1 0.642086 0.580618 0.026046 0.019507
1 0.819577 0.676243 0.025098 0.019415
1 0.740209 0.793521 0.018394 0.016548
1 0.452650 0.690434 0.026879 0.019502
1 0.730092 0.424967 0.020941 0.017005
1 0.227267 0.754887 0.032709 0.027429
1 0.115266 0.447957 0.030862 0.021555
1 0.456231 0.564321 0.025929 0.021674
1 0.677162 0.432725 0.020852 0.017149
1 0.867660 0.492134 0.019243 0.020151
1 0.488786 0.581512 0.023327 0.018223
1 0.818683 0.602811 0.020701 0.017447
1 0.747209 0.662556 0.019764 0.015120
1 0.158731 0.325393 0.032405 0.023560
1 0.676406 0.473133 0.022614 0.018402
1 0.536233 0.843698 0.012388 0.070486
1 0.677113 0.453289 0.021387 0.017101
1 0.729722 0.447856 0.019132 0.015581
1 0.269955 0.685668 0.029490 0.018672
1 0.553044 0.549970 0.026776 0.021701
1 0.744433 0.735817 0.020160 0.016625
1 0.823791 0.439913 0.018996 0.015753
1 0.281168 0.422414 0.032076 0.022055
1 0.573003 0.796868 0.023226 0.018751
1 0.450521 0.714698 0.026913 0.021988
1 0.378634 0.731196 0.026020 0.024521
1 0.244060 0.344309 0.032325 0.024985
1 0.385486 0.607352 0.029087 0.021372
1 0.484166 0.723351 0.024805 0.019571
1 0.730449 0.381695 0.020550 0.015853
1 0.822663 0.457834 0.017096 0.014090
1 0.796673 0.496619 0.018142 0.015219
1 0.561563 0.355570 0.024470 0.019698
1 0.497698 0.344342 0.022464 0.017869
1 0.465177 0.341466 0.027937 0.024760
1 0.486395 0.651489 0.023694 0.019285
1 0.578343 0.728391 0.025985 0.019370
1 0.576026 0.774437 0.022569 0.018765
1 0.387914 0.531440 0.029362 0.020702
1 0.395133 0.383173 0.031303 0.023505
1 0.722277 0.640107 0.018636 0.014175
1 0.875834 0.645149 0.026325 0.027666
1 0.639914 0.646868 0.023150 0.017042
1 0.584186 0.567795 0.025728 0.017667
1 0.153764 0.383466 0.028335 0.025481
1 0.651668 0.371157 0.021359 0.016680
1 0.279420 0.447791 0.032489 0.021372
1 0.673712 0.552812 0.021765 0.017593
1 0.589917 0.431489 0.024193 0.018965
1 0.636891 0.716075 0.022666 0.016769
1 0.457634 0.516350 0.029850 0.020997
1 0.649327 0.418981 0.022922 0.018842
1 0.552439 0.846514 0.011751 0.068521
1 0.350566 0.551104 0.033750 0.025884
1 0.491438 0.557613 0.024955 0.021222
1 0.465327 0.317867 0.027246 0.019894
1 0.725971 0.533183 0.021199 0.014886
1 0.342624 0.744224 0.029253 0.025706
1 0.785805 0.767931 0.018810 0.017320
1 0.117271 0.263203 0.041615 0.032660
1 0.669101 0.651443 0.021419 0.018058
1 0.108493 0.660295 0.021749 0.017600
1 0.351940 0.496879 0.033290 0.025322
1 0.821612 0.477350 0.018337 0.013456
1 0.581755 0.614354 0.023201 0.018201
1 0.644636 0.534985 0.023990 0.017597
1 0.245241 0.315272 0.035355 0.024326
1 0.376298 0.807342 0.024979 0.018890
1 0.728193 0.466527 0.020028 0.018756
1 0.239163 0.490993 0.031002 0.022787
1 0.672923 0.570875 0.022528 0.014944
1 0.447057 0.848155 0.014750 0.076891
1 0.817157 0.700909 0.024131 0.018742
1 0.483332 0.769381 0.022892 0.018487
1 0.457390 0.541587 0.027636 0.018637
1 0.577405 0.682279 0.022008 0.017078
1 0.151595 0.470326 0.031052 0.026097
1 0.874487 0.598546 0.020914 0.018145
1 0.563171 0.332062 0.027759 0.021280
1 0.652599 0.348958 0.020927 0.015450
1 0.546440 0.719900 0.023623 0.017444
1 0.358992 0.301226 0.033036 0.025907
1 0.876871 0.669950 0.027028 0.024301
1 0.674154 0.532227 0.019900 0.015496
1 0.650320 0.396268 0.021409 0.016032
1 0.665596 0.733798 0.021473 0.017999
1 0.483636 0.745898 0.022165 0.016293
1 0.646791 0.510598 0.022758 0.016807
1 0.281749 0.316075 0.027637 0.021137
1 0.791196 0.659281 0.018644 0.016879
1 0.344681 0.692313 0.034322 0.025354
1 0.580248 0.850545 0.014696 0.065446
1 0.655767 0.843703 0.016526 0.076069
1 0.380317 0.681763 0.028936 0.021574
1 0.491398 0.533803 0.024172 0.018977
1 0.487582 0.628732 0.022351 0.020943
1 0.119261 0.860088 0.014290 0.074711
1 0.140015 0.776077 0.031586 0.023183
1 0.235250 0.577521 0.026602 0.020429
1 0.586564 0.523182 0.026358 0.018958
1 0.239160 0.461039 0.032005 0.022762
1 0.591414 0.337577 0.021627 0.018626
1 0.860179 0.381796 0.016331 0.014052
1 0.383799 0.657422 0.030755 0.022892
1 0.267389 0.767641 0.032740 0.031572
1 0.721946 0.596561 0.022000 0.015325
1 0.440015 0.059202 0.017056 0.011929
1 0.787070 0.731921 0.018015 0.012173
1 0.227088 0.783935 0.026007 0.022028
1 0.485832 0.699231 0.027996 0.020671
1 0.579479 0.660171 0.026389 0.021459
1 0.145650 0.608145 0.029025 0.020295
1 0.727331 0.489210 0.022574 0.020060
1 0.114263 0.581823 0.021400 0.016779
1 0.344849 0.858391 0.011100 0.062898
1 0.799199 0.406553 0.019321 0.017002
1 0.808360 0.836469 0.014698 0.061297
1 0.384935 0.631832 0.031708 0.022328
1 0.547693 0.692329 0.026505 0.019072
1 0.731402 0.357901 0.022840 0.017580
1 0.228773 0.848227 0.017380 0.085562
1 0.550813 0.596466 0.027110 0.019304
1 0.114624 0.497968 0.024557 0.020815
1 0.546049 0.742061 0.027358 0.020915
1 0.111996 0.622218 0.019116 0.013930
1 0.552115 0.572994 0.023182 0.020237
1 0.494447 0.438812 0.025996 0.022940
1 0.353324 0.469500 0.030205 0.022912
1 0.464428 0.367087 0.028904 0.023766
1 0.726764 0.512017 0.020315 0.016285
1 0.626409 0.838200 0.017023 0.078668
1 0.549206 0.671161 0.024851 0.019449
1 0.876435 0.620491 0.023494 0.023905
1 0.586108 0.500183 0.022953 0.021093
1 0.554308 0.528399 0.025702 0.019850
1 0.559917 0.380338 0.024666 0.019881
1 0.141722 0.719409 0.030143 0.022867
1 0.394517 0.331177 0.028747 0.022382
1 0.666863 0.713135 0.022025 0.019587
1 0.862911 0.435524 0.016247 0.016311
1 0.283404 0.289197 0.028042 0.020248
1 0.670656 0.592966 0.018190 0.013813
1 0.115109 0.398394 0.034289 0.024715
1 0.543645 0.793596 0.022475 0.017697
1 0.640694 0.627167 0.022386 0.015677
1 0.148504 0.859975 0.009787 0.069877
1 0.864666 0.452046 0.020132 0.018386
1 0.342589 0.772440 0.032062 0.023779
1 0.349064 0.607298 0.030804 0.021599
1 0.276152 0.552578 0.032388 0.025250
1 0.555611 0.500184 0.027401 0.020490
1 0.591408 0.405688 0.023421 0.016160
1 0.947074 0.077314 0.013679 0.012034
1 0.229021 0.696557 0.035251 0.022054
1 0.753600 0.475467 0.016877 0.013496
1 0.749805 0.604474 0.020347 0.015421
1 0.231226 0.667076 0.037152 0.026156
1 0.662602 0.793346 0.020366 0.016931
1 0.139098 0.803658 0.030290 0.023195
1 0.492167 0.509756 0.023749 0.017216
1 0.113027 0.291609 0.040352 0.025332
1 0.271602 0.607583 0.031974 0.020767
1 0.879634 0.695641 0.025425 0.025206
1 0.820950 0.496988 0.016704 0.013663
1 0.869741 0.533671 0.022655 0.022965
1 0.276767 0.857853 0.017328 0.074856
1 0.721536 0.663240 0.021832 0.015058
1 0.145077 0.636171 0.032603 0.022765
1 0.233079 0.607254 0.026901 0.020875
1 0.449910 0.762196 0.023557 0.018540
1 0.641300 0.602564 0.021364 0.017450
1 0.449768 0.048816 0.011467 0.009958
1 0.640822 0.843870 0.012019 0.062292
1 0.447043 0.788062 0.028749 0.022810
1 0.453226 0.638481 0.030741 0.021579
1 0.243872 0.849844 0.013824 0.083769
1 0.104968 0.680499 0.027428 0.016994
1 0.113554 0.602863 0.019173 0.015612
1 0.385272 0.861747 0.011150 0.052076
1 0.115475 0.542678 0.026056 0.020489
1 0.869130 0.510272 0.019201 0.019101
1 0.113675 0.520626 0.026400 0.017999
1 0.150879 0.495211 0.024475 0.018963
1 0.783922 0.786096 0.018179 0.013349
1 0.404244 0.061008 0.010668 0.009879
1 0.393474 0.409027 0.025118 0.017815
1 0.800779 0.387163 0.014835 0.011871
1 0.633403 0.786866 0.023476 0.017955
1 0.544241 0.770591 0.024811 0.019646
1 0.725321 0.552926 0.020236 0.015122
1 0.113301 0.561974 0.023101 0.016662
1 0.109828 0.743908 0.016701 0.012932
1 0.874081 0.577334 0.021792 0.019258
