1 0.384839 0.125257 0.042545 0.013158
1 0.277442 0.804116 0.011648 0.021471
1 0.369648 0.362900 0.011747 0.026279
1 0.429381 0.203625 0.018607 0.032624
1 0.655392 0.791767 0.008467 0.016912
1 0.676208 0.733342 0.011084 0.020014
1 0.268708 0.570592 0.011848 0.022819
1 0.767961 0.522885 0.011020 0.023444
1 0.583566 0.651395 0.013281 0.023980
1 0.760371 0.193175 0.019255 0.030664
1 0.567699 0.237341 0.013386 0.028709
1 0.384335 0.567705 0.011960 0.024288
1 0.326169 0.365718 0.014740 0.030389
1 0.353368 0.244440 0.016190 0.028606
1 0.332596 0.472052 0.014670 0.026127
1 0.681562 0.816218 0.010804 0.022906
1 0.370832 0.567194 0.013012 0.022447
1 0.616933 0.559153 0.013193 0.024783
1 0.397166 0.206459 0.017814 0.031174
1 0.480594 0.655360 0.013292 0.024137
1 0.570652 0.653723 0.012033 0.024491
1 0.357548 0.567577 0.014488 0.024303
1 0.883930 0.622968 0.020262 0.045171
1 0.348327 0.207961 0.017235 0.026580
1 0.224305 0.725846 0.011786 0.018066
1 0.728986 0.195436 0.014301 0.028630
1 0.363334 0.660324 0.012925 0.023843
1 0.263195 0.366559 0.012595 0.027341
1 0.739402 0.644882 0.013322 0.024027
1 0.433668 0.436593 0.011462 0.023656
1 0.271501 0.632783 0.012543 0.023487
1 0.781607 0.521780 0.011558 0.024018
1 0.349717 0.661019 0.012363 0.024495
1 0.531241 0.239684 0.020177 0.031183
1 0.304402 0.831539 0.010848 0.019357
1 0.619908 0.319696 0.012758 0.027559
1 0.755473 0.312594 0.015385 0.027371
1 0.656862 0.817104 0.012785 0.022216
1 0.596700 0.650596 0.011646 0.022958
1 0.287957 0.662606 0.011873 0.024733
1 0.711127 0.707116 0.009332 0.018744
1 0.642480 0.556803 0.012877 0.024985
1 0.841247 0.641655 0.010995 0.023933
1 0.585381 0.462700 0.012811 0.025506
1 0.748222 0.731291 0.009729 0.019951
1 0.714291 0.195417 0.014094 0.031976
1 0.450441 0.468027 0.013035 0.026317
1 0.291718 0.540427 0.013263 0.023833
1 0.829432 0.346193 0.012442 0.028881
1 0.530562 0.740996 0.011340 0.020534
1 0.677925 0.317286 0.016343 0.026964
1 0.396429 0.567313 0.011431 0.023918
1 0.307849 0.570862 0.011010 0.024395
1 0.710521 0.617280 0.011420 0.021657
1 0.499468 0.823182 0.009084 0.017633
1 0.679529 0.350256 0.017008 0.027173
1 0.376499 0.657745 0.012929 0.021770
1 0.299979 0.663199 0.014467 0.024462
1 0.344584 0.570286 0.013352 0.025772
1 0.712516 0.732111 0.010819 0.020523
1 0.445214 0.204563 0.018014 0.032354
1 0.493335 0.742521 0.011186 0.021952
1 0.694174 0.316398 0.016471 0.027695
1 0.457647 0.742606 0.009903 0.021159
1 0.684415 0.618497 0.012209 0.022113
1 0.846826 0.520734 0.012104 0.023862
1 0.433101 0.742508 0.008572 0.018115
1 0.779778 0.189846 0.019725 0.034990
1 0.716684 0.456921 0.013181 0.025686
1 0.656437 0.427176 0.012915 0.024796
1 0.609339 0.650364 0.011538 0.023300
1 0.279237 0.211851 0.018093 0.028710
1 0.263266 0.748872 0.009003 0.017133
1 0.761315 0.731279 0.010674 0.020104
1 0.873475 0.713678 0.021788 0.039075
1 0.463203 0.435551 0.012139 0.024239
1 0.469847 0.742238 0.011807 0.021156
1 0.410055 0.565935 0.011961 0.024291
1 0.335687 0.246000 0.016513 0.029134
1 0.700116 0.732530 0.011868 0.021482
1 0.341460 0.365330 0.013921 0.028213
1 0.863857 0.420534 0.016053 0.024414
1 0.284817 0.632907 0.012161 0.022593
1 0.834001 0.730027 0.011365 0.021868
1 0.646715 0.196807 0.016712 0.031368
1 0.557455 0.652704 0.012359 0.023139
1 0.506731 0.652884 0.011186 0.022353
1 0.599854 0.462596 0.011807 0.023518
1 0.536198 0.532461 0.011468 0.021104
1 0.642777 0.791072 0.011122 0.021228
1 0.826467 0.311766 0.014486 0.028074
1 0.435251 0.798802 0.011475 0.022218
1 0.737333 0.732083 0.010703 0.020775
1 0.273981 0.663493 0.012212 0.026088
1 0.849200 0.548722 0.011109 0.022915
1 0.506736 0.741035 0.010328 0.020388
1 0.659230 0.458335 0.012618 0.025550
1 0.603103 0.560094 0.012551 0.024864
1 0.623186 0.650440 0.014000 0.024558
1 0.618339 0.792592 0.009525 0.018960
1 0.249709 0.246517 0.015918 0.029165
1 0.500378 0.240475 0.012852 0.030711
1 0.271789 0.474344 0.012830 0.024251
1 0.745147 0.424480 0.014447 0.026410
1 0.627163 0.197720 0.016590 0.029270
1 0.291630 0.831722 0.011449 0.022894
1 0.311535 0.365620 0.013345 0.027737
1 0.695393 0.193186 0.019316 0.036099
1 0.740193 0.315349 0.012240 0.025841
1 0.581189 0.432107 0.017097 0.025977
1 0.544064 0.653538 0.012539 0.025343
1 0.466437 0.242399 0.013875 0.030971
1 0.590462 0.559703 0.010786 0.023217
1 0.688352 0.458010 0.013206 0.025309
1 0.294102 0.570287 0.011864 0.023927
1 0.858612 0.311340 0.012472 0.024019
1 0.264121 0.211999 0.014034 0.028557
1 0.820557 0.522072 0.014141 0.022362
1 0.382125 0.328939 0.014138 0.024892
1 0.561225 0.322280 0.015640 0.025069
1 0.842481 0.311629 0.016703 0.028598
1 0.712466 0.646032 0.014832 0.023887
1 0.797402 0.309529 0.014423 0.028024
1 0.228735 0.571397 0.012295 0.020565
1 0.315960 0.250770 0.015238 0.031178
1 0.225597 0.445852 0.012719 0.023498
1 0.628018 0.736924 0.011661 0.021315
1 0.241467 0.446228 0.012489 0.020293
1 0.499470 0.563092 0.011951 0.023341
1 0.354701 0.363657 0.011991 0.028355
1 0.523101 0.532463 0.010621 0.021119
1 0.554293 0.431448 0.012694 0.024449
1 0.533719 0.794730 0.012036 0.021375
1 0.448454 0.565386 0.011773 0.024076
1 0.568626 0.794356 0.012445 0.020663
1 0.516359 0.713961 0.010733 0.019478
1 0.389839 0.437332 0.010740 0.025785
1 0.666907 0.234794 0.014412 0.029948
1 0.330935 0.209692 0.018806 0.029491
1 0.435752 0.468892 0.013167 0.025997
1 0.725016 0.732007 0.010440 0.021113
1 0.700345 0.649007 0.012036 0.023300
1 0.389033 0.827331 0.011093 0.021441
1 0.704978 0.815576 0.009469 0.019172
1 0.223220 0.663129 0.010456 0.020343
1 0.828570 0.642849 0.012727 0.023685
1 0.327793 0.829283 0.013503 0.022893
1 0.384223 0.246071 0.014631 0.031159
1 0.494433 0.655602 0.012161 0.025237
1 0.562704 0.530913 0.016515 0.025251
1 0.531313 0.654394 0.010607 0.022482
1 0.655580 0.557264 0.011473 0.022817
1 0.384682 0.745475 0.013182 0.021439
1 0.726440 0.645989 0.012928 0.026605
1 0.868286 0.639521 0.009045 0.019755
1 0.608405 0.355023 0.013973 0.028164
1 0.420903 0.744369 0.012409 0.020505
1 0.730419 0.424656 0.014196 0.027138
1 0.724193 0.617559 0.012280 0.021925
1 0.272560 0.722918 0.011582 0.021407
1 0.337354 0.660525 0.012476 0.023757
1 0.686004 0.646985 0.014494 0.022967
1 0.795486 0.702969 0.009637 0.017520
1 0.499175 0.322718 0.015371 0.030302
1 0.420694 0.536301 0.012830 0.022711
1 0.647836 0.648425 0.013398 0.024263
1 0.860069 0.520129 0.011870 0.022903
1 0.472033 0.796806 0.011121 0.021415
1 0.528860 0.623160 0.011103 0.023112
1 0.319054 0.569769 0.010244 0.023072
1 0.266464 0.541652 0.010960 0.021289
1 0.248151 0.332772 0.011330 0.026263
1 0.494506 0.465952 0.012892 0.025679
1 0.529581 0.198680 0.016173 0.032108
1 0.234746 0.248815 0.013548 0.028507
1 0.241750 0.572001 0.012030 0.021338
1 0.318114 0.473017 0.014333 0.027312
1 0.680584 0.554859 0.014888 0.024220
1 0.798766 0.344570 0.016472 0.027359
1 0.783723 0.552707 0.012165 0.023152
1 0.579937 0.197855 0.017738 0.033037
1 0.627943 0.558006 0.013933 0.024500
1 0.363913 0.801513 0.010559 0.021034
1 0.266247 0.806251 0.010210 0.019550
1 0.450195 0.241436 0.015614 0.030078
1 0.391156 0.471837 0.014121 0.027815
1 0.867137 0.452354 0.015275 0.025421
1 0.284121 0.442244 0.012939 0.024874
1 0.480842 0.202612 0.017419 0.033314
1 0.315881 0.829763 0.010665 0.020770
1 0.793463 0.454029 0.012342 0.024579
1 0.256343 0.570875 0.010947 0.022023
1 0.597238 0.429752 0.011465 0.024868
1 0.651645 0.735894 0.010417 0.019981
1 0.750212 0.458160 0.013932 0.025083
1 0.731934 0.230625 0.015917 0.027415
1 0.803117 0.642424 0.010366 0.020921
1 0.758363 0.555069 0.011283 0.021668
1 0.615466 0.737092 0.011128 0.021558
1 0.190510 0.381555 0.010086 0.015327
1 0.805317 0.422702 0.013941 0.025681
1 0.479394 0.467104 0.014469 0.024348
1 0.294141 0.333215 0.013184 0.023537
1 0.661129 0.708040 0.010967 0.022057
1 0.645467 0.818356 0.009267 0.018584
1 0.522190 0.433778 0.013871 0.024805
1 0.512823 0.561445 0.012437 0.024295
1 0.777679 0.454859 0.015574 0.026903
1 0.203434 0.574961 0.010338 0.024575
1 0.331803 0.568308 0.011746 0.021956
1 0.584381 0.819643 0.009528 0.020072
1 0.324083 0.749340 0.011696 0.021417
1 0.483679 0.241629 0.019156 0.032617
1 0.464642 0.467527 0.012272 0.025035
1 0.492678 0.434156 0.012619 0.024416
1 0.477434 0.625358 0.012580 0.023629
1 0.702841 0.458851 0.011692 0.025403
1 0.231854 0.832180 0.012212 0.020246
1 0.525993 0.560820 0.012559 0.023184
1 0.373623 0.629606 0.011911 0.023143
1 0.642311 0.427948 0.013516 0.026371
1 0.606080 0.621250 0.011407 0.023335
1 0.627402 0.528479 0.010610 0.023985
1 0.590464 0.318087 0.012519 0.029479
1 0.540601 0.465715 0.012237 0.025585
1 0.214802 0.475575 0.014152 0.020690
1 0.834560 0.420186 0.013343 0.025704
1 0.771880 0.348106 0.013739 0.028380
1 0.708953 0.316605 0.011889 0.025403
1 0.755923 0.349848 0.013530 0.025420
1 0.633764 0.818073 0.010203 0.019494
1 0.591990 0.355011 0.013298 0.028980
1 0.602762 0.737101 0.009952 0.020455
1 0.441947 0.656271 0.011879 0.023023
1 0.227785 0.544774 0.012119 0.021416
1 0.241037 0.544241 0.011543 0.021151
1 0.863615 0.548412 0.013334 0.023139
1 0.584463 0.236851 0.012551 0.030496
1 0.548586 0.355201 0.013231 0.025648
1 0.329857 0.540647 0.013213 0.023635
1 0.234874 0.662578 0.011218 0.021180
1 0.488388 0.562655 0.010414 0.019921
1 0.763641 0.455989 0.012063 0.027428
1 0.450877 0.825383 0.008188 0.017423
1 0.822151 0.730639 0.011261 0.023258
1 0.465516 0.627109 0.010987 0.021082
1 0.664212 0.733963 0.012413 0.020133
1 0.564599 0.558902 0.009829 0.019602
1 0.435033 0.534944 0.011083 0.023750
1 0.597843 0.201558 0.013725 0.025597
1 0.269144 0.441756 0.012802 0.025651
1 0.678847 0.789040 0.009726 0.018854
1 0.614571 0.528471 0.013260 0.023233
1 0.502476 0.359141 0.012989 0.027447
1 0.649402 0.708877 0.011204 0.020868
1 0.660087 0.619415 0.011398 0.022608
1 0.299983 0.441084 0.013940 0.025803
1 0.462012 0.824998 0.013379 0.022415
1 0.638924 0.353319 0.015800 0.030408
1 0.347273 0.746723 0.010277 0.021029
1 0.324116 0.659826 0.010913 0.022240
1 0.333735 0.719989 0.010769 0.020600
1 0.448576 0.435690 0.012318 0.025311
1 0.286755 0.474417 0.012552 0.025793
1 0.423159 0.565704 0.011401 0.023563
1 0.711327 0.349544 0.018990 0.029263
1 0.745793 0.554186 0.010038 0.018292
1 0.631507 0.235047 0.013854 0.030420
1 0.233483 0.635903 0.010155 0.018526
1 0.445067 0.743656 0.010364 0.020901
1 0.209268 0.665196 0.011383 0.021594
1 0.810142 0.550957 0.011418 0.021969
1 0.485645 0.796297 0.011898 0.020818
1 0.435781 0.565071 0.010730 0.024442
1 0.546510 0.795483 0.009825 0.019748
1 0.498965 0.533574 0.010886 0.023209
1 0.402486 0.658626 0.013035 0.023665
1 0.734518 0.705841 0.011505 0.020810
1 0.321483 0.720964 0.010111 0.021062
1 0.764599 0.644581 0.010543 0.022351
1 0.639831 0.736838 0.010607 0.021849
1 0.875948 0.328242 0.021266 0.045332
1 0.644395 0.459653 0.012275 0.026167
1 0.260789 0.660779 0.011728 0.021829
1 0.377144 0.827523 0.011273 0.021050
1 0.299997 0.748987 0.009138 0.018823
1 0.351599 0.329781 0.012647 0.027397
1 0.448149 0.799044 0.010829 0.019781
1 0.745588 0.523424 0.011264 0.023050
1 0.339961 0.801888 0.010657 0.020169
1 0.426887 0.323640 0.014732 0.028939
1 0.255233 0.444892 0.011914 0.022175
1 0.571796 0.820250 0.011927 0.020213
1 0.404330 0.436868 0.012225 0.024307
1 0.407575 0.717617 0.010975 0.020986
1 0.563324 0.354446 0.014006 0.029121
1 0.717031 0.814752 0.013587 0.021425
1 0.588282 0.711200 0.009779 0.019672
1 0.348654 0.630292 0.011480 0.022349
1 0.266659 0.247264 0.018167 0.031163
