1 0.825145 0.631523 0.055648 0.025716
1 0.782021 0.861990 0.067322 0.030406
1 0.440052 0.260651 0.039389 0.017296
1 0.330233 0.714134 0.046941 0.021369
1 0.278787 0.799160 0.040474 0.019418
1 0.908961 0.430382 0.042610 0.018353
1 0.643205 0.536196 0.038837 0.018746
1 0.764071 0.354922 0.039660 0.019243
1 0.532707 0.267867 0.036272 0.017251
1 0.515016 0.422206 0.037700 0.018325
1 0.667696 0.243088 0.035217 0.016349
1 0.707155 0.466123 0.040325 0.019065
1 0.766990 0.831301 0.048858 0.021169
1 0.721004 0.720649 0.051459 0.023626
1 0.485257 0.404209 0.035084 0.017354
1 0.466487 0.661361 0.043474 0.019967
1 0.414655 0.774107 0.046656 0.021417
1 0.553902 0.469137 0.036365 0.016725
1 0.678477 0.218672 0.037635 0.017009
1 0.338647 0.615636 0.047020 0.019195
1 0.684928 0.839738 0.047909 0.021051
1 0.507490 0.904053 0.047279 0.020814
1 0.756568 0.205558 0.032486 0.015471
1 0.607540 0.328630 0.032481 0.015120
1 0.727043 0.232997 0.035648 0.016397
1 0.385546 0.291354 0.033740 0.015467
1 0.765023 0.226361 0.033677 0.016563
1 0.530229 0.099748 0.030855 0.014178
1 0.755085 0.432867 0.041120 0.017124
1 0.663994 0.533052 0.040873 0.019432
1 0.743568 0.359222 0.038080 0.016933
1 0.669895 0.293690 0.045116 0.020211
1 0.556148 0.749831 0.054830 0.023824
1 0.733480 0.832862 0.055000 0.025258
1 0.705837 0.236250 0.036195 0.017239
1 0.635619 0.377334 0.039793 0.018881
1 0.457437 0.691988 0.051190 0.022731
1 0.253344 0.802717 0.049356 0.022137
1 0.849580 0.340069 0.033951 0.017417
1 0.695260 0.621767 0.045370 0.020885
1 0.918439 0.250705 0.039081 0.016199
1 0.903346 0.355359 0.051029 0.021604
1 0.345476 0.786330 0.049246 0.022016
1 0.816147 0.703201 0.055997 0.025096
1 0.854191 0.187661 0.039396 0.016011
1 0.773065 0.376189 0.035600 0.017022
1 0.595234 0.384986 0.033512 0.017009
1 0.515232 0.652661 0.044070 0.019667
1 0.551622 0.392749 0.038431 0.017745
1 0.360503 0.275199 0.032859 0.015244
1 0.450249 0.433315 0.039157 0.018248
1 0.441148 0.511840 0.037689 0.016855
1 0.829019 0.447110 0.049570 0.023719
1 0.654406 0.373407 0.041691 0.018542
1 0.471945 0.109525 0.033258 0.015239
1 0.319963 0.824508 0.066275 0.029943
1 0.263527 0.602976 0.041570 0.017710
1 0.696980 0.554114 0.043911 0.020870
1 0.535438 0.120586 0.034864 0.017159
1 0.441572 0.411182 0.036998 0.016176
1 0.329493 0.355110 0.032342 0.014820
1 0.789596 0.744309 0.059310 0.027642
1 0.379872 0.272324 0.029133 0.013721
1 0.494317 0.426196 0.039112 0.018013
1 0.609554 0.180215 0.032181 0.014218
1 0.786177 0.451808 0.038908 0.017440
1 0.732209 0.157342 0.035719 0.015902
1 0.390096 0.580280 0.039257 0.018683
1 0.718587 0.548854 0.035171 0.018087
1 0.277504 0.439110 0.041157 0.018106
1 0.898894 0.255242 0.038702 0.016509
1 0.577278 0.893888 0.048656 0.023475
1 0.419492 0.516365 0.038766 0.018639
1 0.571483 0.336814 0.039295 0.016415
1 0.388541 0.496752 0.037393 0.018530
1 0.308081 0.455293 0.030911 0.013147
1 0.296352 0.693015 0.032230 0.014772
1 0.419107 0.264423 0.034227 0.015430
1 0.891144 0.281063 0.038406 0.018801
1 0.338352 0.529943 0.037527 0.017759
1 0.816179 0.422510 0.039155 0.017384
1 0.521291 0.246106 0.037208 0.016193
1 0.350640 0.505681 0.031546 0.014489
1 0.637209 0.453822 0.036967 0.016065
1 0.570878 0.093007 0.029495 0.013841
1 0.739500 0.546656 0.042844 0.020447
1 0.558237 0.644876 0.042885 0.020260
1 0.403657 0.605221 0.047706 0.020502
1 0.327476 0.207357 0.030513 0.014214
1 0.627937 0.176704 0.032581 0.014191
1 0.867504 0.439120 0.044026 0.018987
1 0.472714 0.429975 0.037212 0.016969
1 0.536137 0.418071 0.037130 0.016980
1 0.821387 0.268176 0.036769 0.016875
1 0.738589 0.612219 0.044002 0.021060
1 0.541218 0.243479 0.034714 0.015114
1 0.921905 0.418841 0.051779 0.026379
1 0.489971 0.178586 0.035212 0.017072
1 0.817092 0.292150 0.035885 0.016338
1 0.777660 0.201377 0.036133 0.017381
1 0.395019 0.079061 0.029794 0.014027
1 0.511758 0.475322 0.032137 0.016029
1 0.590381 0.089465 0.030950 0.014274
1 0.639431 0.225705 0.036187 0.018472
1 0.453158 0.569950 0.038012 0.018935
1 0.306322 0.715694 0.038354 0.019417
1 0.700097 0.164795 0.033689 0.014303
1 0.585590 0.487594 0.041079 0.019186
1 0.807647 0.601225 0.047523 0.020663
1 0.647464 0.246278 0.036190 0.015966
1 0.768375 0.514132 0.039371 0.018886
1 0.479486 0.327518 0.040600 0.018068
1 0.605445 0.636707 0.046597 0.020280
1 0.720678 0.308697 0.035730 0.015922
1 0.751802 0.154842 0.034357 0.015861
1 0.762092 0.609018 0.046694 0.022365
1 0.510296 0.757415 0.051195 0.023616
1 0.511969 0.870925 0.047001 0.019518
1 0.459310 0.766179 0.052990 0.023662
1 0.642861 0.766934 0.040748 0.019466
1 0.624113 0.404091 0.031788 0.016571
1 0.570771 0.260626 0.036318 0.017038
1 0.415261 0.700436 0.046718 0.020467
1 0.434953 0.573860 0.033721 0.017202
1 0.734963 0.208288 0.033236 0.015171
1 0.754906 0.640402 0.049369 0.022203
1 0.831016 0.343577 0.034670 0.017045
1 0.409555 0.288967 0.035585 0.016222
1 0.472957 0.565106 0.048250 0.021546
1 0.638796 0.850534 0.044346 0.021031
1 0.446534 0.208105 0.034288 0.015805
1 0.613488 0.568809 0.044307 0.019291
1 0.490796 0.349493 0.030344 0.014566
1 0.750585 0.281262 0.035781 0.015767
1 0.466900 0.205701 0.038649 0.016741
1 0.836165 0.365842 0.035804 0.018128
1 0.885739 0.722239 0.051853 0.021040
1 0.615901 0.381227 0.038076 0.017295
1 0.784716 0.604352 0.049100 0.023566
1 0.282649 0.599387 0.032087 0.014719
1 0.716563 0.439918 0.038056 0.017064
1 0.786606 0.274710 0.034117 0.016687
1 0.539201 0.318127 0.041527 0.017237
1 0.722843 0.363288 0.034169 0.017570
1 0.580822 0.640522 0.044763 0.021498
1 0.421677 0.668550 0.040462 0.018676
1 0.575141 0.465669 0.035146 0.016692
1 0.767150 0.712775 0.045556 0.021701
1 0.499711 0.249490 0.030948 0.014213
1 0.716005 0.211735 0.038700 0.016557
1 0.353294 0.710996 0.048157 0.020211
1 0.851064 0.285356 0.029023 0.013618
1 0.589229 0.333476 0.036297 0.015694
1 0.382290 0.146786 0.033148 0.014967
1 0.358995 0.682510 0.035991 0.016835
1 0.491565 0.107010 0.028851 0.013464
1 0.914594 0.278224 0.046231 0.019841
1 0.511726 0.346674 0.037156 0.016764
1 0.372836 0.783132 0.040924 0.020232
1 0.680943 0.166988 0.031199 0.014500
1 0.648625 0.400040 0.042473 0.018777
1 0.551036 0.096432 0.031298 0.014735
1 0.429952 0.489842 0.037701 0.017114
1 0.418599 0.416366 0.032253 0.015598
1 0.550128 0.782471 0.053457 0.025104
1 0.532014 0.583772 0.043633 0.018907
1 0.347550 0.352742 0.028324 0.013325
1 0.684637 0.238752 0.034192 0.017391
1 0.356130 0.427622 0.033029 0.015763
1 0.560884 0.239635 0.036467 0.016677
1 0.505556 0.401002 0.034617 0.015718
1 0.672376 0.625310 0.045153 0.022111
1 0.442069 0.137065 0.034070 0.015037
1 0.396307 0.123604 0.029296 0.014327
1 0.674290 0.557113 0.047140 0.021571
1 0.737535 0.749882 0.053312 0.024513
1 0.397654 0.418949 0.039436 0.018046
1 0.944894 0.268123 0.037682 0.014522
1 0.701864 0.311372 0.033535 0.015795
1 0.851410 0.499003 0.040067 0.018673
1 0.328753 0.509486 0.034435 0.015202
1 0.354953 0.130637 0.028547 0.014402
1 0.590950 0.257713 0.043166 0.019270
1 0.507858 0.586717 0.047659 0.021371
1 0.705992 0.525769 0.042925 0.018399
1 0.337468 0.431105 0.032318 0.013931
1 0.395904 0.778796 0.046328 0.019965
1 0.550469 0.339340 0.038326 0.017941
1 0.563600 0.491022 0.045048 0.020856
1 0.391579 0.218352 0.030189 0.015641
1 0.937636 0.326014 0.042278 0.019730
1 0.660930 0.846001 0.054180 0.024874
1 0.884780 0.205349 0.034254 0.015830
1 0.376618 0.082350 0.031000 0.014680
1 0.668849 0.761852 0.047990 0.024271
1 0.571454 0.388458 0.043160 0.018668
1 0.452943 0.356106 0.039511 0.015647
1 0.443187 0.335197 0.040159 0.017013
1 0.531757 0.473015 0.030089 0.015053
1 0.512406 0.103742 0.027613 0.013942
1 0.345139 0.818219 0.048279 0.022102
1 0.631066 0.103683 0.035591 0.016333
1 0.384671 0.345522 0.033599 0.014333
1 0.427212 0.437754 0.039716 0.017138
1 0.590973 0.183166 0.036682 0.016672
1 0.461630 0.257065 0.038348 0.018483
1 0.375982 0.676430 0.039131 0.021920
1 0.519397 0.558629 0.036613 0.018451
1 0.411852 0.214281 0.033512 0.014370
1 0.748757 0.519186 0.046677 0.019103
1 0.734722 0.436872 0.033479 0.015466
1 0.461231 0.133849 0.037784 0.016398
1 0.545503 0.169704 0.036255 0.015359
1 0.662327 0.170794 0.032631 0.014945
1 0.859752 0.362528 0.037962 0.017696
1 0.399493 0.268238 0.034028 0.014691
1 0.798149 0.198447 0.035079 0.015800
1 0.467319 0.880750 0.052382 0.022406
1 0.319413 0.531633 0.031480 0.014805
1 0.477871 0.793241 0.048802 0.023939
1 0.760481 0.542191 0.041039 0.018975
1 0.658661 0.221875 0.032781 0.016121
1 0.892456 0.332845 0.040291 0.018511
1 0.690246 0.391339 0.034288 0.016420
1 0.333875 0.132941 0.033396 0.015539
1 0.689520 0.144383 0.034509 0.015576
1 0.481725 0.506273 0.040720 0.019764
1 0.390227 0.703612 0.044476 0.023118
1 0.808747 0.347290 0.037688 0.017764
1 0.574158 0.113231 0.037640 0.015784
1 0.508953 0.176370 0.031608 0.015190
1 0.552309 0.579030 0.042661 0.017844
1 0.510446 0.270544 0.034354 0.016500
1 0.883255 0.519696 0.042485 0.018329
1 0.723272 0.139346 0.034936 0.015929
1 0.517591 0.123326 0.033653 0.015981
1 0.804796 0.218478 0.036223 0.016662
1 0.673783 0.729049 0.049426 0.021853
1 0.451900 0.112484 0.031755 0.015320
1 0.528472 0.397532 0.038872 0.018280
1 0.349444 0.297686 0.035351 0.014738
1 0.787854 0.350913 0.036628 0.017555
1 0.766984 0.455727 0.039276 0.019406
1 0.855791 0.727066 0.044856 0.019409
1 0.385347 0.443823 0.036876 0.015686
1 0.635280 0.301161 0.030137 0.014511
1 0.549530 0.264619 0.032556 0.014946
1 0.375617 0.126605 0.031063 0.015030
1 0.790354 0.707924 0.050956 0.022954
1 0.295012 0.620480 0.038712 0.016590
1 0.533260 0.753447 0.046012 0.022774
1 0.617751 0.664653 0.040998 0.020222
1 0.590767 0.858951 0.041255 0.019235
1 0.872712 0.335744 0.038020 0.018001
1 0.459202 0.184928 0.030800 0.015392
1 0.432535 0.116632 0.037013 0.017219
1 0.614560 0.156387 0.034603 0.015466
1 0.301394 0.534047 0.029116 0.013328
1 0.312858 0.304396 0.032505 0.015120
1 0.709223 0.389279 0.033818 0.015617
1 0.817200 0.194684 0.034201 0.017020
1 0.291925 0.515774 0.027461 0.013942
1 0.337597 0.685415 0.036049 0.016525
1 0.580203 0.410928 0.034563 0.016087
1 0.283888 0.537479 0.029988 0.014663
1 0.891318 0.505922 0.058211 0.030406
1 0.490903 0.478923 0.035115 0.016890
1 0.490494 0.274607 0.034313 0.016633
1 0.604562 0.483721 0.038111 0.017987
1 0.481625 0.253710 0.030099 0.015193
1 0.600879 0.406849 0.037251 0.018575
1 0.795474 0.372908 0.037844 0.017265
1 0.605806 0.741379 0.053278 0.024177
1 0.430245 0.211739 0.033965 0.015952
1 0.483499 0.130252 0.032017 0.014982
1 0.301901 0.436746 0.032686 0.015002
1 0.751574 0.380515 0.035894 0.016692
1 0.868261 0.619769 0.041039 0.016999
1 0.412232 0.577967 0.038105 0.017884
1 0.507146 0.787529 0.050493 0.021521
1 0.463857 0.593281 0.038403 0.018309
1 0.500854 0.502259 0.043963 0.018698
1 0.366843 0.294247 0.031190 0.013725
1 0.536156 0.192938 0.035176 0.015911
1 0.647323 0.477382 0.041679 0.018389
1 0.431036 0.801140 0.045974 0.020789
1 0.641221 0.658762 0.043863 0.021563
1 0.499844 0.126576 0.032008 0.014820
1 0.870603 0.282739 0.036415 0.017255
1 0.617305 0.768614 0.047847 0.021760
1 0.386279 0.811814 0.040504 0.018759
1 0.414358 0.120856 0.028176 0.012999
1 0.362893 0.150458 0.034383 0.014300
1 0.696835 0.724831 0.044889 0.021698
1 0.665927 0.472996 0.038724 0.019158
1 0.557283 0.189842 0.035370 0.015133
1 0.535992 0.649424 0.046490 0.020049
1 0.239489 0.809156 0.031366 0.013390
1 0.630289 0.250605 0.037901 0.016887
1 0.651799 0.629641 0.039719 0.018875
