1 0.493532 0.298216 0.034983 0.043615
1 0.365628 0.283337 0.033206 0.039920
1 0.635528 0.350339 0.047275 0.056443
1 0.611820 0.966685 0.036242 0.035408
1 0.359854 0.440161 0.027987 0.036907
1 0.603205 0.194786 0.035417 0.049154
1 0.385922 0.443445 0.028522 0.036908
1 0.232291 0.466123 0.021749 0.032904
1 0.507807 0.348961 0.037118 0.041321
1 0.277328 0.430005 0.028828 0.039200
1 0.248430 0.427454 0.028382 0.035328
1 0.417157 0.338939 0.030371 0.034275
1 0.755017 0.616279 0.027227 0.033000
1 0.662038 0.982028 0.035160 0.031041
1 0.556312 0.304438 0.034948 0.045523
1 0.426932 0.577364 0.025636 0.033287
1 0.376386 0.609928 0.024414 0.030164
1 0.417254 0.614538 0.024128 0.030898
1 0.359582 0.166719 0.031851 0.040437
1 0.444338 0.449226 0.026497 0.035593
1 0.683751 0.609416 0.027077 0.033770
1 0.781686 0.639711 0.034399 0.042511
1 0.174791 0.143540 0.037923 0.047146
1 0.368094 0.481612 0.021769 0.030199
1 0.119770 0.454783 0.027519 0.036782
1 0.527609 0.459181 0.027691 0.031556
1 0.663595 0.476121 0.029566 0.038291
1 0.306358 0.430672 0.031126 0.038226
1 0.241012 0.555475 0.029885 0.034975
1 0.215185 0.264565 0.034359 0.041900
1 0.590573 0.599146 0.024230 0.031351
1 0.830206 0.861150 0.022557 0.028157
1 0.387554 0.332775 0.026552 0.034379
1 0.590674 0.866441 0.023707 0.033289
1 0.450388 0.580763 0.026705 0.036126
1 0.354153 0.328553 0.029930 0.034477
1 0.292351 0.323816 0.030692 0.042023
1 0.164155 0.458212 0.022906 0.031914
1 0.520723 0.822609 0.023959 0.031621
1 0.345231 0.480827 0.027938 0.034698
1 0.292183 0.678719 0.023604 0.031078
1 0.618297 0.514433 0.019913 0.030426
1 0.611390 0.754259 0.023825 0.031339
1 0.093122 0.406073 0.024482 0.028986
1 0.525718 0.500727 0.026468 0.033116
1 0.478843 0.343811 0.031129 0.037392
1 0.520053 0.302788 0.029769 0.041223
1 0.457214 0.493632 0.028623 0.034263
1 0.643174 0.722505 0.024427 0.030433
1 0.580609 0.467566 0.028197 0.034759
1 0.195077 0.420941 0.029150 0.034995
1 0.271934 0.597286 0.023353 0.031589
1 0.268384 0.155257 0.030638 0.041715
1 0.560438 0.956064 0.034690 0.032964
1 0.639440 0.514697 0.023023 0.031107
1 0.222232 0.426223 0.030258 0.033734
1 0.715439 0.882849 0.025088 0.028714
1 0.613518 0.600722 0.027243 0.034424
1 0.422008 0.174259 0.028145 0.041094
1 0.549173 0.504378 0.029288 0.036158
1 0.510306 0.855853 0.023446 0.031156
1 0.643693 0.838176 0.026761 0.029287
1 0.146550 0.546291 0.018583 0.026897
1 0.572605 0.193414 0.031889 0.040767
1 0.569369 0.354700 0.031488 0.037465
1 0.896867 0.888689 0.046444 0.054757
1 0.748169 0.653652 0.021311 0.030735
1 0.202553 0.311446 0.026411 0.037981
1 0.664628 0.723634 0.026096 0.030845
1 0.405458 0.576115 0.026777 0.034393
1 0.485038 0.180973 0.023866 0.027715
1 0.255052 0.467952 0.024051 0.032044
1 0.436591 0.696750 0.024138 0.029301
1 0.588565 0.956523 0.042181 0.039356
1 0.828340 0.745732 0.024085 0.025351
1 0.334681 0.566354 0.022193 0.033996
1 0.189451 0.587661 0.022805 0.026486
1 0.380978 0.573086 0.028245 0.034523
1 0.693247 0.481153 0.021291 0.029931
1 0.685532 0.842635 0.021541 0.028471
1 0.470407 0.455388 0.028254 0.036352
1 0.438052 0.489924 0.023214 0.030422
1 0.726573 0.732131 0.021167 0.030371
1 0.238460 0.149878 0.024379 0.035393
1 0.661973 0.520194 0.022857 0.028634
1 0.480291 0.497578 0.028274 0.038492
1 0.571290 0.862661 0.020885 0.027903
1 0.211339 0.669993 0.020914 0.027730
1 0.335918 0.281525 0.033105 0.039265
1 0.632650 0.872428 0.027722 0.032234
1 0.321628 0.325120 0.030714 0.037562
1 0.474980 0.584725 0.025981 0.030521
1 0.581316 0.830419 0.022984 0.029440
1 0.246816 0.266917 0.032737 0.042512
1 0.733447 0.986577 0.021011 0.019804
1 0.604087 0.831761 0.024204 0.029539
1 0.459076 0.618209 0.021451 0.027778
1 0.302597 0.715975 0.021623 0.029078
1 0.820837 0.895680 0.017534 0.023926
1 0.210337 0.462828 0.028142 0.031604
1 0.448056 0.343374 0.028150 0.039328
1 0.298831 0.157606 0.031793 0.038603
1 0.566043 0.595328 0.027651 0.032582
1 0.415140 0.447268 0.026195 0.034329
1 0.169371 0.416739 0.029488 0.033887
1 0.799046 0.894164 0.021587 0.026703
1 0.287523 0.562024 0.026059 0.033591
1 0.726582 0.652823 0.024591 0.029416
1 0.477947 0.701732 0.023037 0.029942
1 0.497675 0.456347 0.032285 0.038298
1 0.488033 0.738630 0.020598 0.027577
1 0.395630 0.693336 0.022329 0.026477
1 0.617356 0.314598 0.028396 0.036145
1 0.106279 0.538784 0.020220 0.029044
1 0.292248 0.600232 0.020707 0.027484
1 0.218894 0.555110 0.021590 0.025296
1 0.520695 0.706063 0.022325 0.029350
1 0.758157 0.885974 0.025219 0.032487
1 0.271848 0.677691 0.019086 0.028384
1 0.706674 0.611030 0.029007 0.034737
1 0.729924 0.613980 0.024393 0.032956
1 0.583113 0.634834 0.021055 0.027747
1 0.672796 0.762169 0.021386 0.026451
1 0.313337 0.603378 0.018121 0.024691
1 0.661430 0.607647 0.021927 0.027356
1 0.506227 0.742950 0.019226 0.024270
1 0.560968 0.712077 0.022965 0.029958
1 0.396071 0.612095 0.024815 0.031191
1 0.541339 0.709155 0.021870 0.027257
1 0.590613 0.752016 0.022905 0.026407
1 0.860907 0.901704 0.023267 0.028876
1 0.209957 0.587826 0.019855 0.025479
1 0.747544 0.735212 0.018816 0.026052
1 0.633441 0.201617 0.034851 0.041866
1 0.622526 0.719773 0.023672 0.028175
1 0.169390 0.584653 0.022681 0.029428
1 0.499223 0.623119 0.024331 0.028124
1 0.778551 0.772869 0.018674 0.028695
1 0.333960 0.684164 0.022678 0.028673
1 0.652491 0.874668 0.022098 0.030524
1 0.540408 0.630086 0.021910 0.028921
1 0.624245 0.639281 0.019231 0.027231
1 0.453195 0.178865 0.023564 0.031148
1 0.426218 0.731213 0.022609 0.030051
1 0.872616 0.865218 0.021143 0.026483
1 0.184722 0.462892 0.026733 0.035033
1 0.685441 0.522119 0.017044 0.024452
1 0.632052 0.758453 0.019726 0.024861
1 0.529412 0.745092 0.018509 0.026537
1 0.384275 0.727409 0.023410 0.028063
1 0.694968 0.880774 0.022426 0.030368
1 0.466261 0.294706 0.028831 0.032519
1 0.499168 0.704847 0.022786 0.029445
1 0.569787 0.750484 0.022273 0.027277
1 0.390625 0.170255 0.028082 0.041854
1 0.661494 0.360779 0.033321 0.038186
1 0.544292 0.591749 0.025895 0.034176
1 0.192108 0.667441 0.019334 0.022507
1 0.809893 0.743151 0.020704 0.024169
1 0.540096 0.351996 0.020680 0.033340
1 0.398140 0.288959 0.028763 0.040678
1 0.375144 0.691128 0.020459 0.024883
1 0.251820 0.593422 0.021374 0.026149
1 0.437783 0.813338 0.024890 0.029904
1 0.313555 0.680937 0.021489 0.027430
1 0.657720 0.206635 0.032536 0.036380
1 0.076127 0.403173 0.019390 0.020253
1 0.788089 0.855425 0.021124 0.029480
1 0.684789 0.648875 0.024695 0.029072
1 0.551175 0.860360 0.019399 0.029196
1 0.521066 0.590867 0.026816 0.032734
1 0.583158 0.713975 0.020196 0.026197
1 0.479431 0.621606 0.021906 0.029661
1 0.195740 0.548474 0.028172 0.038308
1 0.809678 0.857702 0.023060 0.030650
1 0.554037 0.464030 0.025506 0.031252
1 0.334476 0.605003 0.022026 0.027207
1 0.652752 0.758001 0.022399 0.027752
1 0.270562 0.271880 0.020520 0.028292
1 0.389860 0.485227 0.019723 0.032335
1 0.362077 0.723936 0.023400 0.027528
1 0.260853 0.317679 0.029801 0.041148
1 0.665066 0.644775 0.023398 0.028884
1 0.343638 0.721460 0.018916 0.023073
1 0.735327 0.770946 0.022714 0.028405
1 0.707356 0.650061 0.021045 0.029281
1 0.799464 0.777451 0.017270 0.028549
1 0.756141 0.771768 0.015980 0.022662
1 0.549810 0.747333 0.021372 0.029653
1 0.777657 0.889403 0.022103 0.029665
1 0.519605 0.627658 0.025565 0.031681
1 0.674763 0.878234 0.021663 0.027904
1 0.329540 0.165779 0.032001 0.043657
1 0.561465 0.631812 0.025541 0.031249
1 0.704044 0.978156 0.019372 0.019626
1 0.602045 0.716798 0.025143 0.031748
1 0.406103 0.728827 0.018431 0.021643
1 0.311373 0.563762 0.022170 0.026405
1 0.338110 0.632520 0.033088 0.012110
1 0.838430 0.778283 0.014042 0.021275
1 0.446168 0.735970 0.019024 0.024491
1 0.301108 0.475960 0.023831 0.031909
1 0.428567 0.291956 0.029177 0.043254
1 0.645203 0.639809 0.018880 0.024041
1 0.354277 0.688220 0.024643 0.027286
1 0.231787 0.591368 0.018532 0.025878
1 0.467693 0.736937 0.023931 0.031124
1 0.637251 0.605137 0.023867 0.030859
1 0.079628 0.451707 0.019887 0.026718
1 0.602830 0.636451 0.022378 0.027680
1 0.714190 0.769720 0.018682 0.023787
1 0.734201 0.884678 0.020729 0.028788
1 0.587557 0.312847 0.030449 0.038970
1 0.692890 0.763718 0.022978 0.029554
1 0.789405 0.741822 0.015509 0.023805
1 0.227800 0.315330 0.024106 0.036370
1 0.638139 0.474552 0.020313 0.030275
1 0.099408 0.453237 0.013925 0.020487
1 0.418942 0.808961 0.016605 0.021786
1 0.767473 0.853390 0.020479 0.028716
1 0.717589 0.845946 0.031573 0.031192
1 0.693004 0.975519 0.019578 0.020013
1 0.208481 0.146470 0.022443 0.030460
1 0.283503 0.716051 0.017997 0.022916
1 0.243312 0.705875 0.024854 0.024358
1 0.680468 0.993002 0.021138 0.013996
1 0.584886 0.509047 0.044831 0.034191
1 0.692824 0.994534 0.018239 0.010832
1 0.087996 0.532579 0.011702 0.015290
1 0.819656 0.778690 0.018745 0.030069
1 0.575204 0.508715 0.025392 0.034450
1 0.277927 0.472846 0.027003 0.035633
1 0.097313 0.142214 0.013744 0.014117
1 0.959766 0.993051 0.018201 0.013607
1 0.852456 0.863288 0.019157 0.029823
1 0.163580 0.310726 0.020880 0.031867
1 0.116396 0.290117 0.016066 0.013826
1 0.109390 0.142199 0.023434 0.024984
1 0.101222 0.141604 0.021410 0.018379
1 0.709877 0.996883 0.015664 0.006023
1 0.687959 0.993907 0.028541 0.012073
1 0.698690 0.976413 0.018960 0.021362
1 0.186554 0.460532 0.022180 0.029002
1 0.983462 0.996722 0.017042 0.006555
1 0.981397 0.995907 0.019954 0.008057
