0 0.098492 0.200444 0.088473 0.070040
0 0.937579 0.563944 0.078450 0.063607
0 0.437100 0.599863 0.071371 0.058512
0 0.786190 0.397624 0.085369 0.066108
0 0.377254 0.764871 0.088188 0.068322
0 0.217659 0.187181 0.085465 0.065848
0 0.310434 0.735241 0.105087 0.081928
0 0.683711 0.613055 0.083104 0.065465
0 0.048876 0.311503 0.083044 0.066942
0 0.213128 0.368224 0.085490 0.063183
0 0.364455 0.210761 0.064333 0.047079
0 0.085735 0.250226 0.087962 0.064950
0 0.200974 0.423928 0.071981 0.055408
0 0.721117 0.304030 0.087205 0.059151
0 0.479513 0.915846 0.065295 0.052015
0 0.394334 0.066499 0.069494 0.052413
0 0.709884 0.559829 0.071047 0.052016
0 0.653281 0.397537 0.092970 0.071247
0 0.362613 0.931790 0.065058 0.052753
0 0.713787 0.503878 0.074615 0.053918
0 0.495252 0.822335 0.081731 0.054792
0 0.437914 0.431152 0.088305 0.068879
0 0.061516 0.029787 0.083155 0.058162
0 0.644174 0.658420 0.076729 0.060675
