1 0.779391 0.632266 0.024556 0.031143
1 0.561883 0.481238 0.017568 0.023824
1 0.841527 0.863202 0.017329 0.037184
1 0.269296 0.280657 0.020728 0.025579
1 0.540221 0.437944 0.021932 0.028784
1 0.372122 0.301154 0.025783 0.032407
1 0.362510 0.345410 0.020821 0.024026
1 0.519850 0.473369 0.013906 0.019129
1 0.438371 0.546213 0.022035 0.028297
1 0.424022 0.424594 0.016188 0.020536
1 0.424972 0.580641 0.019261 0.021760
1 0.529165 0.570287 0.018627 0.022999
1 0.466349 0.469354 0.019045 0.025038
1 0.283190 0.243987 0.020363 0.024862
1 0.687477 0.845297 0.009925 0.022318
1 0.715371 0.768163 0.010705 0.023717
1 0.475983 0.443129 0.025172 0.031375
1 0.260259 0.303606 0.019645 0.022490
1 0.167233 0.150874 0.014675 0.018465
1 0.203720 0.457714 0.015179 0.019747
1 0.542488 0.531136 0.018322 0.022018
1 0.356479 0.494274 0.013140 0.015693
1 0.288847 0.225247 0.020323 0.024853
1 0.337812 0.404931 0.014452 0.018726
1 0.467531 0.842371 0.015890 0.034625
1 0.766325 0.650470 0.012500 0.027195
1 0.355176 0.353990 0.014412 0.018693
1 0.151784 0.193096 0.013827 0.016620
1 0.417238 0.602242 0.018694 0.023149
1 0.668794 0.827399 0.011677 0.024631
1 0.570002 0.859992 0.017705 0.021422
1 0.716104 0.876661 0.017377 0.038312
1 0.188298 0.295080 0.017305 0.020550
1 0.276426 0.430383 0.015300 0.019222
1 0.409421 0.624822 0.019486 0.022828
1 0.826268 0.857259 0.017784 0.038281
1 0.516195 0.483002 0.013977 0.020168
1 0.144296 0.214371 0.012542 0.014980
1 0.159712 0.171513 0.012522 0.015513
1 0.251883 0.325602 0.018788 0.022431
1 0.534306 0.558639 0.019685 0.024132
1 0.635615 0.944717 0.010930 0.024842
1 0.329225 0.530355 0.013181 0.023926
1 0.207753 0.447454 0.017396 0.021131
1 0.248090 0.337349 0.018451 0.021515
1 0.461030 0.481152 0.019625 0.024598
1 0.517068 0.604370 0.019472 0.023542
1 0.195825 0.273606 0.016178 0.018658
1 0.156027 0.182792 0.012638 0.016606
1 0.340083 0.272187 0.032209 0.032240
1 0.216516 0.353028 0.017736 0.021788
1 0.790152 0.677709 0.019083 0.040958
1 0.272469 0.439808 0.014209 0.018740
1 0.148749 0.147140 0.013175 0.015666
1 0.740231 0.695990 0.010948 0.023536
1 0.879387 0.841995 0.013053 0.030567
1 0.219085 0.209232 0.016158 0.018910
1 0.843954 0.812411 0.013977 0.031662
1 0.333347 0.414631 0.013506 0.019059
1 0.389871 0.521312 0.016757 0.019590
1 0.429387 0.570215 0.018921 0.023937
1 0.364343 0.331189 0.014319 0.017295
1 0.895746 0.856152 0.015595 0.033978
1 0.421554 0.591747 0.019055 0.022035
1 0.133618 0.095071 0.014451 0.018132
1 0.449013 0.521717 0.023602 0.029173
1 0.214877 0.425744 0.016990 0.021276
1 0.199453 0.261864 0.015508 0.018589
1 0.674040 0.731233 0.009908 0.023490
1 0.725803 0.713215 0.011301 0.022402
1 0.405355 0.478948 0.017944 0.022111
1 0.214907 0.218944 0.014759 0.017637
1 0.218960 0.414036 0.016274 0.020791
1 0.436359 0.390080 0.017371 0.021839
1 0.405458 0.634821 0.017816 0.022826
1 0.492703 0.675202 0.020345 0.024414
1 0.620091 0.896687 0.009814 0.021534
1 0.500646 0.650727 0.017547 0.022221
1 0.227962 0.393136 0.017797 0.021390
1 0.359369 0.608716 0.015970 0.020041
1 0.737684 0.789185 0.009458 0.019673
1 0.145330 0.158476 0.011437 0.016204
1 0.721149 0.806703 0.010796 0.024178
1 0.497314 0.662749 0.019533 0.023203
1 0.205562 0.181431 0.015414 0.019206
1 0.322301 0.444153 0.014164 0.017326
1 0.250205 0.506663 0.016818 0.021540
1 0.795342 0.831694 0.015747 0.034654
1 0.537907 0.544238 0.018839 0.022559
1 0.137365 0.235236 0.013542 0.016682
1 0.578714 0.836079 0.018370 0.022676
1 0.203816 0.251992 0.015900 0.019970
1 0.172947 0.338458 0.015818 0.020470
1 0.632373 0.907061 0.012028 0.025508
1 0.147287 0.203800 0.012540 0.016002
1 0.240391 0.360741 0.019914 0.024647
1 0.244025 0.348204 0.019095 0.023310
1 0.264454 0.462716 0.017592 0.021023
1 0.156347 0.125126 0.012808 0.016593
1 0.186973 0.235745 0.017376 0.020484
1 0.449910 0.827496 0.014532 0.033279
1 0.231244 0.381033 0.016435 0.020546
1 0.133726 0.189950 0.012896 0.016359
1 0.539163 0.779750 0.020690 0.025982
1 0.229796 0.319221 0.015843 0.018385
1 0.399579 0.658446 0.018590 0.022545
1 0.163093 0.160712 0.013181 0.017895
1 0.522176 0.833985 0.019725 0.022916
1 0.116617 0.141045 0.012618 0.015644
1 0.164959 0.359531 0.013502 0.016848
1 0.523339 0.462701 0.014196 0.018502
1 0.565608 0.871282 0.017473 0.021805
1 0.482307 0.857152 0.013506 0.029411
1 0.555898 0.494044 0.017335 0.023001
1 0.671193 0.946187 0.010979 0.023569
1 0.125011 0.268176 0.012345 0.015590
1 0.223333 0.198408 0.016844 0.019387
1 0.288149 0.397258 0.015249 0.021565
1 0.408485 0.467418 0.016662 0.022017
1 0.308641 0.485891 0.013811 0.016784
1 0.264782 0.291134 0.019143 0.022980
1 0.179117 0.257515 0.015875 0.019274
1 0.140034 0.224868 0.013333 0.016018
1 0.557434 0.893949 0.017230 0.022495
1 0.546503 0.518713 0.017913 0.022134
1 0.494931 0.543365 0.014823 0.018377
1 0.458425 0.838232 0.015280 0.031804
1 0.549711 0.917468 0.017834 0.021747
1 0.524217 0.583061 0.018625 0.022741
1 0.283962 0.408785 0.015576 0.020502
1 0.562183 0.882395 0.018824 0.023110
1 0.122608 0.224289 0.012641 0.014977
1 0.668579 0.725361 0.009622 0.021985
1 0.679255 0.871728 0.011282 0.025602
1 0.322669 0.300640 0.015210 0.018434
1 0.763770 0.717427 0.010868 0.022087
1 0.392844 0.396343 0.012310 0.017378
1 0.457133 0.647130 0.014815 0.019293
1 0.341198 0.394900 0.013668 0.018016
1 0.280069 0.419182 0.016008 0.019655
1 0.344736 0.383772 0.013901 0.016312
1 0.315817 0.907592 0.025508 0.023018
1 0.428525 0.413103 0.017575 0.022947
1 0.378598 0.553925 0.015861 0.020567
1 0.075759 0.430014 0.007937 0.028190
1 0.180513 0.316362 0.015765 0.020504
1 0.211013 0.436531 0.014669 0.018568
1 0.053193 0.462066 0.014731 0.020466
1 0.402771 0.368887 0.012592 0.016382
1 0.315181 0.465015 0.013144 0.017581
1 0.386194 0.533020 0.016525 0.018556
1 0.363047 0.597877 0.016876 0.019465
1 0.128282 0.257420 0.012619 0.015911
1 0.756342 0.649273 0.010124 0.023022
1 0.330501 0.566499 0.012244 0.016720
1 0.395449 0.386255 0.013921 0.017245
1 0.132048 0.246115 0.012251 0.015524
1 0.093296 0.208338 0.012304 0.015209
1 0.685299 0.740695 0.009569 0.021769
1 0.463462 0.628912 0.014477 0.017176
1 0.090306 0.218078 0.012860 0.016412
1 0.914030 0.872980 0.013992 0.031338
1 0.629386 0.938786 0.011650 0.024668
1 0.233296 0.307620 0.015258 0.019419
1 0.327446 0.575010 0.012621 0.016682
1 0.134100 0.084240 0.015097 0.016322
1 0.327480 0.290014 0.016634 0.022076
1 0.511830 0.615755 0.017686 0.021515
1 0.827072 0.798489 0.013028 0.029368
1 0.729950 0.781695 0.010034 0.022106
1 0.299476 0.365307 0.014513 0.020055
1 0.222639 0.403752 0.015315 0.018492
1 0.319789 0.455633 0.015535 0.019422
1 0.193075 0.285686 0.017651 0.020585
1 0.672549 0.866218 0.010019 0.023728
1 0.717516 0.674821 0.009711 0.021384
1 0.662405 0.720036 0.010183 0.021883
1 0.123292 0.122233 0.013315 0.015534
1 0.660249 0.746779 0.010148 0.021838
1 0.508558 0.627857 0.018876 0.023031
1 0.291725 0.387271 0.017094 0.021771
1 0.605195 0.915257 0.012031 0.025802
1 0.810879 0.782222 0.013876 0.031300
1 0.752709 0.620494 0.023853 0.028760
1 0.119331 0.131892 0.012013 0.015133
1 0.129320 0.201115 0.012147 0.016199
1 0.118055 0.234137 0.011514 0.015471
1 0.480889 0.581914 0.014502 0.017086
1 0.721654 0.615527 0.010694 0.023459
1 0.688065 0.647175 0.009906 0.021701
1 0.498146 0.533056 0.015302 0.020134
1 0.369862 0.410849 0.012380 0.024126
1 0.312049 0.475172 0.014493 0.018144
1 0.163063 0.370600 0.011954 0.016369
1 0.256736 0.483260 0.017987 0.021982
1 0.197406 0.203676 0.014067 0.017681
1 0.702740 0.758097 0.009169 0.020946
1 0.113030 0.150508 0.012953 0.016759
1 0.245493 0.517718 0.015143 0.018383
1 0.141827 0.168110 0.012426 0.015480
1 0.303606 0.354345 0.015070 0.020237
1 0.654154 0.742039 0.009585 0.020149
1 0.812143 0.848926 0.015286 0.031326
1 0.748324 0.733253 0.010411 0.023878
1 0.371104 0.576564 0.017646 0.021773
1 0.526662 0.448664 0.016765 0.022100
1 0.253981 0.495146 0.015841 0.020609
1 0.365868 0.895959 0.019108 0.025440
1 0.118002 0.291157 0.014266 0.017920
1 0.367030 0.586572 0.015988 0.019667
1 0.027914 0.559756 0.006057 0.021510
1 0.793056 0.767890 0.013995 0.031078
1 0.505194 0.512499 0.015620 0.020458
1 0.333677 0.556570 0.012243 0.016120
1 0.708670 0.762560 0.010130 0.022317
1 0.509181 0.502713 0.013743 0.017959
1 0.349851 0.512040 0.012222 0.015437
1 0.716023 0.609499 0.011339 0.022508
1 0.780491 0.665776 0.016886 0.036226
1 0.728869 0.812350 0.010010 0.021898
1 0.097297 0.198591 0.012814 0.016246
1 0.398107 0.377207 0.011961 0.016157
1 0.086000 0.696251 0.012189 0.015388
1 0.083195 0.550501 0.013187 0.020208
1 0.694304 0.651852 0.011875 0.023432
1 0.200902 0.468499 0.015608 0.020486
1 0.483824 0.573260 0.012471 0.016129
1 0.649489 0.811252 0.010407 0.022621
1 0.734559 0.691147 0.009250 0.021176
1 0.103683 0.179216 0.013881 0.016802
1 0.126399 0.113804 0.012952 0.015397
1 0.100299 0.188568 0.011634 0.014359
1 0.650622 0.924946 0.010728 0.022641
1 0.679748 0.736216 0.009310 0.021219
1 0.268277 0.450936 0.015738 0.020850
1 0.503718 0.639021 0.018008 0.023718
1 0.117020 0.690321 0.012320 0.008885
1 0.413080 0.455629 0.013205 0.017102
1 0.691515 0.746246 0.009923 0.021817
1 0.835933 0.805426 0.013122 0.031061
1 0.337037 0.510271 0.007816 0.014704
1 0.110874 0.256460 0.011830 0.014369
1 0.491588 0.553210 0.014811 0.018735
1 0.455816 0.493559 0.019480 0.023916
1 0.306875 0.343121 0.016587 0.020819
1 0.818469 0.790372 0.014772 0.031188
1 0.467905 0.619597 0.014496 0.017891
1 0.348132 0.374201 0.014669 0.018109
1 0.666092 0.753119 0.009306 0.020808
1 0.636755 0.509559 0.019201 0.026041
1 0.703511 0.691504 0.010131 0.021271
1 0.295478 0.375541 0.017184 0.021906
1 0.101788 0.625273 0.006178 0.021383
1 0.169124 0.347672 0.014250 0.017565
1 0.397442 0.500258 0.016255 0.019840
1 0.750607 0.642796 0.009367 0.021117
1 0.385886 0.413748 0.012025 0.016505
1 0.411794 0.341271 0.011190 0.014247
1 0.727778 0.620823 0.009841 0.022468
1 0.512761 0.492474 0.015385 0.020849
1 0.474748 0.600489 0.014250 0.019457
1 0.697794 0.685116 0.008924 0.020147
1 0.171283 0.279361 0.013134 0.016493
1 0.062724 0.671019 0.012456 0.014835
1 0.402075 0.645870 0.018860 0.022943
1 0.073583 0.541908 0.013799 0.018798
1 0.510471 0.869546 0.011540 0.017453
1 0.119037 0.682575 0.013511 0.009606
1 0.413438 0.613292 0.017750 0.021704
1 0.714111 0.797493 0.010108 0.020486
1 0.101714 0.632699 0.006289 0.035761
1 0.686475 0.956265 0.012147 0.026886
1 0.039461 0.509398 0.013763 0.018971
1 0.360769 0.436436 0.010223 0.022183
1 0.932208 0.884689 0.013331 0.030803
1 0.410979 0.717386 0.021088 0.050580
1 0.366521 0.467720 0.011855 0.015162
1 0.696916 0.751970 0.010332 0.021982
1 0.061907 0.416345 0.008263 0.036768
1 0.052795 0.584266 0.005559 0.020936
1 0.363114 0.476296 0.011605 0.015592
1 0.328158 0.870202 0.021078 0.017115
1 0.488475 0.562927 0.014172 0.017749
1 0.341947 0.830715 0.025205 0.018280
1 0.351117 0.363897 0.014397 0.018377
1 0.369763 0.458265 0.011728 0.016002
1 0.112891 0.698297 0.013593 0.010443
1 0.545165 0.768321 0.019524 0.023458
1 0.479627 0.428648 0.018874 0.020881
1 0.326759 0.434912 0.014131 0.017858
1 0.211521 0.230784 0.013814 0.017423
1 0.939892 0.894754 0.012770 0.030107
1 0.453510 0.656464 0.013796 0.017781
1 0.321535 0.889100 0.025310 0.019561
1 0.375771 0.440690 0.013516 0.016737
1 0.051761 0.662118 0.011810 0.016893
1 0.035504 0.667204 0.013181 0.016670
1 0.011557 0.016496 0.010272 0.021641
1 0.751179 0.703201 0.009836 0.021906
1 0.804724 0.836789 0.013534 0.028619
