1 0.653276 0.620652 0.005164 0.019844
1 0.423084 0.457448 0.006015 0.024901
1 0.162870 0.456904 0.006480 0.028524
1 0.225814 0.349193 0.004575 0.016886
1 0.438446 0.458953 0.005767 0.024719
1 0.174703 0.428358 0.004961 0.020831
1 0.273236 0.373911 0.004724 0.018687
1 0.861522 0.657795 0.005624 0.023414
1 0.710079 0.803390 0.005455 0.024149
1 0.845297 0.809995 0.005642 0.024255
1 0.798778 0.628652 0.004793 0.018977
1 0.673205 0.621579 0.004912 0.018423
1 0.486540 0.234948 0.004454 0.019217
1 0.453868 0.459428 0.005490 0.023882
1 0.142615 0.427030 0.004918 0.020643
1 0.184367 0.369953 0.004692 0.018816
1 0.773189 0.627534 0.004956 0.017818
1 0.590439 0.371402 0.004804 0.019848
1 0.449670 0.283622 0.004316 0.016547
1 0.581109 0.290371 0.003952 0.014257
1 0.658854 0.648383 0.004764 0.020589
1 0.547584 0.462237 0.005989 0.023007
1 0.637676 0.706329 0.005562 0.023405
1 0.467812 0.459161 0.005377 0.023662
1 0.647288 0.314598 0.004840 0.019150
1 0.193729 0.428772 0.004766 0.021684
1 0.815178 0.655296 0.005096 0.020669
1 0.741916 0.626345 0.005245 0.019724
1 0.226070 0.371417 0.004799 0.018394
1 0.206579 0.429172 0.004975 0.020019
1 0.601501 0.736834 0.006347 0.026805
1 0.147254 0.456083 0.005785 0.026034
1 0.698957 0.650863 0.005782 0.023370
1 0.693472 0.622929 0.005278 0.021856
1 0.830149 0.655508 0.005224 0.021542
1 0.824047 0.743021 0.005217 0.022108
1 0.700342 0.623165 0.005449 0.021653
1 0.559011 0.368783 0.004912 0.021651
1 0.434115 0.283715 0.004433 0.016407
1 0.799333 0.840877 0.005927 0.026064
1 0.831848 0.809791 0.005877 0.023104
1 0.472625 0.390235 0.005022 0.018749
1 0.554474 0.236425 0.004766 0.017909
1 0.558878 0.796220 0.006589 0.026724
1 0.392287 0.372986 0.005968 0.028525
1 0.679982 0.622237 0.004865 0.018288
1 0.635879 0.801078 0.006025 0.027890
1 0.653807 0.315476 0.005128 0.018906
1 0.682867 0.709168 0.006089 0.024636
1 0.665359 0.648413 0.004950 0.021879
1 0.652281 0.647798 0.005006 0.021111
1 0.407147 0.363698 0.004750 0.018946
1 0.741188 0.711797 0.005155 0.020539
1 0.782487 0.806135 0.005620 0.021506
1 0.587939 0.496449 0.006139 0.031359
1 0.584718 0.370069 0.004591 0.020267
1 0.622325 0.706475 0.005597 0.024122
1 0.720464 0.623989 0.005064 0.021366
1 0.620920 0.799457 0.005650 0.023111
1 0.720084 0.653779 0.005541 0.020369
1 0.606719 0.704950 0.005713 0.023518
1 0.748049 0.626316 0.004713 0.018482
1 0.727632 0.740485 0.005266 0.024574
1 0.142717 0.370041 0.004844 0.020867
1 0.168580 0.427343 0.004982 0.019957
1 0.534136 0.287118 0.003968 0.014150
1 0.776755 0.654203 0.005550 0.023079
1 0.627572 0.313475 0.004217 0.018162
1 0.445010 0.492190 0.007013 0.031621
1 0.212762 0.459754 0.006347 0.027513
1 0.139362 0.455353 0.005069 0.023005
1 0.652734 0.801317 0.006092 0.026339
1 0.837845 0.846704 0.007402 0.035589
1 0.631690 0.648531 0.005488 0.021639
1 0.644971 0.399322 0.004884 0.020981
1 0.669272 0.801608 0.006346 0.026288
1 0.262006 0.348872 0.004590 0.018835
1 0.861006 0.715885 0.005842 0.021635
1 0.745331 0.652939 0.005456 0.021904
1 0.454636 0.366027 0.004052 0.017501
1 0.693292 0.801691 0.005892 0.025483
1 0.853685 0.656819 0.005635 0.023365
1 0.742651 0.740312 0.005829 0.025372
1 0.878694 0.637007 0.007024 0.026736
1 0.428478 0.282913 0.003927 0.016046
1 0.788376 0.713392 0.004546 0.019316
1 0.528927 0.287150 0.004330 0.017122
1 0.430893 0.457955 0.005964 0.023884
1 0.122195 0.320814 0.006454 0.027867
1 0.393406 0.289701 0.005816 0.029969
1 0.474711 0.459721 0.005311 0.023102
1 0.415447 0.457916 0.005534 0.024103
1 0.660355 0.738955 0.005767 0.026795
1 0.609724 0.736118 0.005871 0.025231
1 0.625813 0.735984 0.006210 0.027650
1 0.658781 0.373640 0.005615 0.021491
1 0.149400 0.427382 0.004848 0.020440
1 0.658891 0.400087 0.006174 0.024297
1 0.735332 0.626163 0.004392 0.018556
1 0.845967 0.656688 0.005128 0.022413
1 0.169357 0.222408 0.004554 0.016975
1 0.232097 0.371887 0.004272 0.018399
1 0.667486 0.708564 0.005505 0.022343
1 0.659430 0.621488 0.005259 0.021070
1 0.446538 0.458547 0.005758 0.022889
1 0.805459 0.628663 0.004929 0.018724
1 0.719313 0.709784 0.006269 0.022519
1 0.041208 0.329760 0.016274 0.009845
1 0.597036 0.370599 0.005539 0.020738
1 0.482058 0.459776 0.005327 0.021808
1 0.753359 0.652417 0.005301 0.021273
1 0.737187 0.653524 0.006042 0.025106
1 0.466394 0.390015 0.004647 0.018919
1 0.589787 0.797260 0.006309 0.027132
1 0.860491 0.744399 0.006545 0.025423
1 0.595490 0.396550 0.004697 0.021125
1 0.684991 0.836205 0.006849 0.028099
1 0.766818 0.627744 0.004864 0.018090
1 0.602290 0.291060 0.003956 0.016083
1 0.449267 0.366223 0.004306 0.017812
1 0.741943 0.579509 0.005595 0.020842
1 0.789648 0.807275 0.005268 0.021983
1 0.789515 0.840342 0.007087 0.029689
1 0.486691 0.284706 0.004587 0.016015
1 0.631644 0.241684 0.005128 0.020226
1 0.779520 0.627821 0.005222 0.020372
1 0.660889 0.800697 0.006375 0.026089
1 0.668662 0.315788 0.006555 0.018976
1 0.570202 0.289870 0.003678 0.015035
1 0.803284 0.808770 0.006262 0.022465
1 0.594006 0.464597 0.005391 0.022502
1 0.279486 0.374001 0.004744 0.017339
1 0.686965 0.622887 0.005791 0.021595
1 0.267884 0.350419 0.004923 0.017711
1 0.245484 0.465630 0.007001 0.032830
1 0.761708 0.712535 0.005304 0.021617
1 0.816622 0.629245 0.004547 0.017020
1 0.690315 0.709115 0.005929 0.024106
1 0.628046 0.497101 0.007302 0.029674
1 0.562718 0.462906 0.005681 0.023292
1 0.180903 0.428680 0.005085 0.021478
1 0.794081 0.741537 0.006073 0.024304
1 0.684955 0.802153 0.006380 0.026966
1 0.496043 0.460646 0.005118 0.022795
1 0.419158 0.492949 0.007283 0.033891
1 0.578849 0.464108 0.005062 0.021773
1 0.601965 0.313628 0.003809 0.016586
1 0.741956 0.840490 0.006910 0.030512
1 0.735064 0.739657 0.005662 0.024365
1 0.748138 0.711414 0.004902 0.019782
1 0.627120 0.834502 0.006271 0.029218
1 0.492211 0.392647 0.004835 0.019891
1 0.811437 0.582933 0.004681 0.018230
1 0.551300 0.836276 0.008177 0.036936
1 0.436355 0.305979 0.004324 0.016758
1 0.474977 0.306355 0.004731 0.019523
1 0.527720 0.308873 0.004215 0.017938
1 0.693821 0.739401 0.006226 0.025534
1 0.454953 0.283980 0.004370 0.016665
1 0.590360 0.238926 0.004463 0.017998
1 0.603249 0.396862 0.005407 0.022274
1 0.826970 0.844739 0.007029 0.030871
1 0.256953 0.432091 0.005194 0.019504
1 0.471136 0.284852 0.004903 0.017426
1 0.613758 0.800383 0.005454 0.026144
1 0.586449 0.464132 0.005594 0.023575
1 0.498431 0.235630 0.004165 0.018467
1 0.212551 0.430343 0.005004 0.019396
1 0.200276 0.428688 0.005049 0.020399
1 0.591163 0.703652 0.005997 0.024412
1 0.651947 0.373439 0.005014 0.021182
1 0.707274 0.623423 0.005433 0.020722
1 0.768489 0.653822 0.006013 0.023479
1 0.647443 0.837461 0.007355 0.031540
1 0.596509 0.497403 0.005895 0.027659
1 0.489182 0.460469 0.005558 0.021087
1 0.523348 0.287845 0.004429 0.016322
1 0.567858 0.703888 0.006103 0.024989
1 0.868672 0.837831 0.009723 0.046066
1 0.717819 0.803699 0.005433 0.023496
1 0.560254 0.703732 0.005442 0.022345
1 0.645025 0.801192 0.006692 0.025673
1 0.596874 0.290612 0.003997 0.016503
1 0.173286 0.347400 0.004547 0.016797
1 0.431367 0.364628 0.004800 0.018048
1 0.637913 0.399517 0.006138 0.025396
1 0.501045 0.307475 0.005092 0.019507
1 0.869328 0.656813 0.007128 0.025757
1 0.549626 0.311588 0.005213 0.019158
1 0.496540 0.368204 0.004281 0.018150
1 0.565385 0.369787 0.004779 0.021745
1 0.701063 0.803479 0.005739 0.023565
1 0.154967 0.455730 0.006057 0.027192
1 0.580962 0.494600 0.006384 0.030452
1 0.444333 0.283855 0.004187 0.017522
1 0.423208 0.282554 0.004242 0.016639
1 0.460802 0.366387 0.004620 0.017854
1 0.237957 0.430978 0.005227 0.021131
1 0.652103 0.707242 0.005367 0.023532
1 0.571291 0.370117 0.004851 0.020419
1 0.638926 0.648060 0.004702 0.019583
1 0.511129 0.492792 0.005997 0.027626
1 0.555387 0.462437 0.005800 0.024247
1 0.796470 0.807767 0.005773 0.020577
1 0.507458 0.307346 0.004531 0.017751
1 0.856209 0.585085 0.004809 0.019097
1 0.178656 0.347049 0.004040 0.016103
1 0.522860 0.236292 0.004547 0.017719
1 0.632969 0.467347 0.006821 0.026636
1 0.645235 0.240192 0.005985 0.021774
1 0.779284 0.841383 0.006673 0.031079
1 0.492396 0.235019 0.004378 0.018703
1 0.439158 0.232875 0.004452 0.018131
1 0.784380 0.654470 0.005264 0.023755
1 0.409770 0.304671 0.005725 0.021974
1 0.824388 0.583177 0.005055 0.020369
1 0.481207 0.306913 0.004106 0.017679
1 0.727973 0.711614 0.005338 0.021043
1 0.703446 0.838590 0.006962 0.033392
1 0.765606 0.740548 0.005289 0.024850
1 0.637810 0.241181 0.005152 0.017887
1 0.425263 0.363761 0.004475 0.018472
1 0.607785 0.291223 0.004125 0.015859
1 0.794907 0.713408 0.004790 0.018743
1 0.548640 0.236690 0.004812 0.019165
1 0.830663 0.583003 0.004598 0.018961
1 0.660296 0.315253 0.005055 0.019943
1 0.608005 0.239609 0.004571 0.018972
1 0.568313 0.395853 0.005251 0.021689
1 0.530347 0.460376 0.005079 0.023581
1 0.524451 0.392778 0.004686 0.019796
1 0.413553 0.364647 0.004814 0.018907
1 0.601647 0.465593 0.005386 0.022610
1 0.808446 0.714471 0.005341 0.020629
1 0.523376 0.460862 0.005438 0.024099
1 0.261594 0.374079 0.004874 0.020639
1 0.834818 0.629615 0.004128 0.016668
1 0.565735 0.495040 0.006021 0.029100
1 0.713877 0.623948 0.005196 0.021281
1 0.628662 0.799734 0.006327 0.026945
1 0.190413 0.370166 0.004430 0.016937
1 0.852622 0.810293 0.005624 0.023058
1 0.574947 0.798671 0.005952 0.025320
1 0.274025 0.351155 0.004423 0.017252
1 0.555374 0.395738 0.005210 0.021673
1 0.175115 0.222635 0.004806 0.017525
1 0.609584 0.466044 0.006340 0.025153
1 0.204121 0.459296 0.006536 0.026926
1 0.675351 0.708355 0.005992 0.022991
1 0.711976 0.709027 0.005221 0.021616
1 0.518483 0.391739 0.004491 0.018678
1 0.238202 0.348869 0.004838 0.019182
1 0.810881 0.809342 0.005756 0.022670
1 0.575753 0.396253 0.005460 0.022295
1 0.840114 0.630245 0.004593 0.018469
1 0.533582 0.308799 0.004384 0.016496
1 0.729369 0.653567 0.005796 0.024977
1 0.157582 0.222861 0.003881 0.016183
1 0.666269 0.836928 0.007624 0.034875
1 0.767535 0.712969 0.004145 0.018107
1 0.581702 0.311917 0.004131 0.017286
1 0.465436 0.284978 0.004075 0.014743
1 0.571750 0.463085 0.005355 0.024536
1 0.799847 0.655755 0.005051 0.022018
1 0.754604 0.712733 0.005853 0.021330
1 0.712941 0.650871 0.005148 0.020864
1 0.589098 0.397752 0.005241 0.021986
1 0.848688 0.843147 0.006747 0.028532
1 0.595933 0.238935 0.004665 0.017407
1 0.798358 0.582242 0.004271 0.018325
1 0.178548 0.369310 0.004001 0.017414
1 0.149515 0.345127 0.004347 0.016631
1 0.212644 0.275980 0.004454 0.017026
1 0.300013 0.362198 0.006801 0.029224
1 0.543303 0.366837 0.007307 0.021824
1 0.566790 0.799031 0.006787 0.025629
1 0.219867 0.370613 0.004342 0.017267
1 0.575514 0.704425 0.005666 0.023574
1 0.748967 0.581871 0.005457 0.021681
1 0.633457 0.371370 0.004653 0.021468
1 0.761391 0.806351 0.005564 0.023163
1 0.651563 0.737311 0.005963 0.025235
1 0.635464 0.627184 0.021890 0.011372
1 0.623623 0.291605 0.003923 0.015115
1 0.852975 0.744173 0.005840 0.025425
1 0.117998 0.291439 0.015101 0.009394
1 0.388053 0.487909 0.009224 0.037548
1 0.903093 0.595006 0.005127 0.017068
1 0.400425 0.363249 0.006081 0.020588
1 0.040599 0.314082 0.015136 0.009786
1 0.645054 0.706485 0.005510 0.020796
1 0.731649 0.838518 0.005827 0.029620
1 0.706097 0.650312 0.004943 0.021271
1 0.541251 0.397102 0.005771 0.023800
1 0.250622 0.432171 0.005241 0.020971
1 0.856773 0.845701 0.006476 0.031391
1 0.760599 0.652781 0.005690 0.020819
1 0.633983 0.736882 0.006736 0.028284
1 0.502809 0.368263 0.004345 0.017461
1 0.046248 0.436083 0.007874 0.043150
