1 0.352884 0.899713 0.033770 0.035569
1 0.537106 0.284712 0.036897 0.023398
1 0.328728 0.438128 0.032055 0.024813
1 0.424727 0.818944 0.030603 0.027958
1 0.282942 0.458317 0.042300 0.034043
1 0.416959 0.774766 0.028472 0.025700
1 0.381777 0.658728 0.028156 0.028613
1 0.478379 0.365487 0.040617 0.026144
1 0.342976 0.491573 0.035755 0.027933
1 0.538416 0.418396 0.032594 0.023470
1 0.492430 0.375196 0.035363 0.023785
1 0.400338 0.925179 0.025494 0.025847
1 0.321229 0.731873 0.031870 0.031874
1 0.238565 0.697495 0.029227 0.029672
1 0.648597 0.242787 0.031524 0.018806
1 0.523373 0.411446 0.032155 0.024306
1 0.328700 0.779230 0.029328 0.031455
1 0.442169 0.826460 0.030016 0.028986
1 0.551530 0.481138 0.031529 0.023720
1 0.439785 0.391262 0.040265 0.026582
1 0.330596 0.482176 0.033916 0.025246
1 0.444127 0.551271 0.026811 0.023409
1 0.611517 0.358972 0.031509 0.020954
1 0.879242 0.331129 0.032784 0.021001
1 0.660195 0.364185 0.030540 0.018670
1 0.689942 0.234947 0.032829 0.020376
1 0.358326 0.792286 0.029208 0.030194
1 0.373652 0.507053 0.030440 0.024336
1 0.440718 0.334003 0.038581 0.029545
1 0.708044 0.301126 0.028861 0.019155
1 0.451458 0.401651 0.041610 0.027884
1 0.482495 0.535347 0.027364 0.021925
1 0.455475 0.557506 0.022203 0.020037
1 0.671342 0.373130 0.029767 0.020000
1 0.834386 0.278685 0.031866 0.019519
1 0.756343 0.199119 0.035252 0.024312
1 0.622306 0.320286 0.031294 0.020506
1 0.434097 0.782651 0.025829 0.025057
1 0.570000 0.315586 0.033836 0.020141
1 0.416971 0.490389 0.035273 0.032750
1 0.590223 0.336326 0.032971 0.021261
1 0.443102 0.934148 0.043466 0.037899
1 0.342711 0.786373 0.030353 0.032083
1 0.784986 0.228833 0.031763 0.022259
1 0.467886 0.529729 0.028553 0.024230
1 0.293566 0.628636 0.039114 0.038634
1 0.421662 0.637429 0.031383 0.031667
1 0.580459 0.461656 0.028374 0.019864
1 0.852158 0.297998 0.027747 0.019022
1 0.538613 0.473596 0.036367 0.026041
1 0.404654 0.480999 0.039839 0.029909
1 0.495800 0.543988 0.028428 0.022646
1 0.284526 0.872594 0.031856 0.033349
1 0.514063 0.397159 0.035396 0.026082
1 0.750052 0.294070 0.038100 0.022708
1 0.656641 0.251397 0.030122 0.020272
1 0.673368 0.274509 0.036864 0.022688
1 0.374398 0.903064 0.041595 0.043419
1 0.804125 0.202182 0.025756 0.017322
1 0.404592 0.630682 0.027827 0.026772
1 0.227534 0.686424 0.036273 0.036626
1 0.635799 0.232654 0.031575 0.020384
1 0.715108 0.267144 0.025975 0.017820
1 0.599021 0.346563 0.030887 0.020428
1 0.693903 0.293636 0.034906 0.022808
1 0.143740 0.656869 0.024099 0.025138
1 0.314429 0.474629 0.039217 0.029996
1 0.670385 0.423701 0.034562 0.023652
1 0.432311 0.499321 0.039070 0.030392
1 0.428119 0.378974 0.038013 0.024194
1 0.689274 0.395585 0.023832 0.016567
1 0.701437 0.244317 0.031020 0.018811
1 0.864449 0.352299 0.021214 0.018478
1 0.754789 0.353325 0.030553 0.018940
1 0.712158 0.415021 0.028163 0.017115
1 0.642144 0.390403 0.032296 0.021448
1 0.707428 0.256747 0.032452 0.021759
1 0.795417 0.346408 0.030404 0.018925
1 0.735503 0.286853 0.027980 0.018132
1 0.400693 0.362548 0.046431 0.034111
1 0.182906 0.823137 0.046154 0.047456
1 0.707560 0.404587 0.029120 0.019424
1 0.453003 0.522217 0.023051 0.022005
1 0.783337 0.335076 0.027953 0.017684
1 0.631098 0.330490 0.031151 0.020776
1 0.274711 0.708300 0.032306 0.030928
1 0.443514 0.688720 0.027307 0.028424
1 0.814995 0.256538 0.024034 0.017242
1 0.590312 0.286958 0.031620 0.018759
1 0.308121 0.579498 0.038557 0.040620
1 0.681365 0.225142 0.030270 0.019228
1 0.253128 0.853802 0.037718 0.035864
1 0.412495 0.371950 0.041567 0.029710
1 0.773957 0.327640 0.025273 0.015821
1 0.558609 0.440646 0.032866 0.020394
1 0.167568 0.815675 0.040387 0.039164
1 0.200293 0.835647 0.036672 0.036587
1 0.816163 0.211701 0.032914 0.020344
1 0.348045 0.444574 0.038758 0.030021
1 0.468688 0.354517 0.041169 0.026906
1 0.502003 0.387078 0.037497 0.027178
1 0.755332 0.306800 0.027696 0.017726
1 0.354586 0.744553 0.032855 0.033902
1 0.393708 0.800931 0.023114 0.022899
1 0.252038 0.705534 0.022865 0.022625
1 0.187670 0.710451 0.024220 0.024132
1 0.551160 0.428228 0.037990 0.027351
1 0.564086 0.492577 0.032050 0.021523
1 0.443548 0.513065 0.026715 0.023658
1 0.594803 0.473201 0.026120 0.018556
1 0.643955 0.341116 0.028760 0.019913
1 0.824230 0.269270 0.031731 0.019428
1 0.365045 0.652995 0.031977 0.032169
1 0.232231 0.730350 0.024199 0.022176
1 0.217469 0.839194 0.037603 0.039239
1 0.469376 0.567285 0.027775 0.022563
1 0.307053 0.721465 0.040054 0.036677
1 0.410916 0.811378 0.027863 0.025683
1 0.764255 0.316080 0.026988 0.015033
1 0.313499 0.770728 0.023833 0.025096
1 0.288015 0.718357 0.027465 0.027226
1 0.146879 0.687730 0.064988 0.039081
1 0.520042 0.452568 0.031136 0.018725
1 0.465729 0.410856 0.035197 0.024339
1 0.372855 0.614940 0.028865 0.030978
1 0.796677 0.192460 0.025052 0.017685
1 0.475795 0.422863 0.038590 0.026589
1 0.739861 0.177149 0.032695 0.020490
1 0.420789 0.534136 0.025663 0.020544
1 0.576964 0.498870 0.023281 0.018614
1 0.632194 0.138334 0.035090 0.020764
1 0.808096 0.248121 0.027398 0.016827
1 0.774971 0.217325 0.027711 0.019292
1 0.851524 0.357111 0.026485 0.020756
1 0.413950 0.670444 0.023946 0.023282
1 0.444689 0.790175 0.025221 0.023835
1 0.313972 0.632831 0.033934 0.035118
1 0.786405 0.382484 0.025156 0.016887
1 0.279469 0.757632 0.033625 0.034804
1 0.651471 0.350414 0.028722 0.018769
1 0.373666 0.801424 0.034674 0.035085
1 0.341237 0.598711 0.033006 0.033352
1 0.383011 0.522428 0.036505 0.032668
1 0.282915 0.430949 0.053069 0.050118
1 0.377306 0.461811 0.040475 0.034169
1 0.776439 0.172869 0.022924 0.014972
1 0.334108 0.638664 0.032149 0.032503
1 0.843182 0.289330 0.030347 0.019307
1 0.547382 0.294258 0.035385 0.024665
1 0.192479 0.674540 0.028416 0.028227
1 0.502127 0.442787 0.033851 0.026050
1 0.612613 0.307917 0.027986 0.018456
1 0.862499 0.308560 0.028576 0.018895
1 0.726998 0.274236 0.029947 0.019120
1 0.581947 0.277452 0.029499 0.018455
1 0.832151 0.234182 0.023174 0.014648
1 0.617539 0.370782 0.037177 0.024179
1 0.356781 0.062424 0.031842 0.022606
1 0.806567 0.353779 0.029286 0.016139
1 0.767084 0.208510 0.029830 0.019113
1 0.852822 0.253170 0.025589 0.014935
1 0.388471 0.757538 0.036396 0.034640
1 0.320367 0.426843 0.038548 0.029256
1 0.671950 0.213211 0.032626 0.022196
1 0.271334 0.860117 0.040254 0.045497
1 0.571664 0.451817 0.029152 0.019818
1 0.603438 0.299059 0.029144 0.020829
1 0.658640 0.413770 0.034623 0.022331
1 0.460852 0.658251 0.022420 0.020178
1 0.337605 0.892270 0.037711 0.036170
1 0.277335 0.616802 0.036608 0.040079
1 0.535778 0.264755 0.056558 0.037347
1 0.448986 0.653715 0.020895 0.019250
1 0.319750 0.883438 0.037238 0.040254
1 0.461366 0.802883 0.019130 0.019627
1 0.682957 0.429884 0.022577 0.014967
1 0.873398 0.273596 0.025137 0.014771
1 0.247520 0.742695 0.035216 0.034586
1 0.425486 0.928650 0.037582 0.039453
1 0.293913 0.764384 0.032758 0.037370
1 0.716499 0.312618 0.033272 0.021057
1 0.685333 0.382869 0.033995 0.021454
1 0.834368 0.158100 0.017966 0.020111
1 0.402135 0.764269 0.032183 0.036969
1 0.370713 0.751213 0.032986 0.033639
1 0.116866 0.636404 0.036894 0.044223
1 0.390137 0.620484 0.031736 0.034796
1 0.689583 0.281463 0.026668 0.018808
1 0.767038 0.161357 0.025278 0.016484
1 0.338123 0.737101 0.033312 0.032356
1 0.676658 0.122394 0.018871 0.018576
1 0.859595 0.174400 0.028485 0.013340
1 0.362154 0.452553 0.039597 0.033083
1 0.323093 0.591199 0.035571 0.035104
1 0.801696 0.099466 0.025339 0.013616
1 0.357183 0.501393 0.033227 0.031805
1 0.688949 0.118703 0.019938 0.019117
1 0.745447 0.188428 0.029624 0.018403
1 0.738905 0.157778 0.045785 0.030504
1 0.396206 0.669499 0.025504 0.024449
1 0.785881 0.181022 0.027902 0.019129
1 0.736237 0.099716 0.019276 0.019951
1 0.813190 0.121755 0.021422 0.010333
1 0.820430 0.376904 0.025828 0.015693
1 0.500868 0.553552 0.019835 0.015973
1 0.290727 0.569772 0.039014 0.039390
1 0.106741 0.723646 0.084520 0.055255
1 0.131120 0.642942 0.035258 0.034926
1 0.645750 0.212337 0.047422 0.031242
1 0.790401 0.075999 0.025744 0.014492
1 0.528797 0.462492 0.029867 0.022515
1 0.431662 0.680343 0.030431 0.027079
1 0.897399 0.303661 0.020710 0.013405
1 0.300435 0.464440 0.034603 0.028839
1 0.389076 0.908311 0.037393 0.040360
1 0.391236 0.218283 0.016802 0.011654
1 0.793805 0.086836 0.025487 0.012759
1 0.804482 0.110598 0.023196 0.011376
1 0.253660 0.611879 0.045896 0.040297
1 0.819258 0.132841 0.021786 0.009849
1 0.723477 0.103051 0.017672 0.017964
1 0.826090 0.144427 0.016791 0.009015
1 0.698560 0.114899 0.020599 0.021746
1 0.885763 0.344181 0.021820 0.013397
1 0.958474 0.454397 0.023480 0.008910
1 0.872476 0.830033 0.013064 0.018532
1 0.170313 0.699039 0.018480 0.017358
1 0.712192 0.316315 0.027834 0.013596
1 0.497018 0.435821 0.020545 0.015096
1 0.608565 0.305960 0.027378 0.018178
