1 0.502078 0.699149 0.018929 0.014178
1 0.549541 0.672798 0.015260 0.011208
1 0.575252 0.666105 0.035206 0.010640
1 0.421209 0.700411 0.019363 0.013453
1 0.479188 0.751273 0.019060 0.013405
1 0.560845 0.708838 0.021927 0.015072
1 0.222016 0.700163 0.020355 0.014597
1 0.401784 0.696630 0.020169 0.015025
1 0.222794 0.716880 0.017816 0.013118
1 0.607531 0.454180 0.013473 0.010042
1 0.538477 0.557512 0.017477 0.012234
1 0.201171 0.924068 0.019365 0.017279
1 0.224332 0.845871 0.016750 0.010966
1 0.277937 0.710777 0.021130 0.014681
1 0.244994 0.768333 0.015343 0.011337
1 0.675118 0.584743 0.017553 0.011922
1 0.169300 0.835852 0.016128 0.011775
1 0.449531 0.496543 0.013228 0.009973
1 0.621258 0.344599 0.022284 0.018441
1 0.357176 0.818793 0.015912 0.011167
1 0.362980 0.728135 0.017510 0.014135
1 0.313044 0.661409 0.017421 0.013400
1 0.472443 0.692052 0.019081 0.013906
1 0.318933 0.679953 0.021410 0.013066
1 0.232642 0.922510 0.017232 0.017829
1 0.458846 0.708833 0.017342 0.012596
1 0.383891 0.824149 0.016267 0.011672
1 0.355106 0.687551 0.020295 0.013906
1 0.515124 0.719640 0.019778 0.014853
1 0.334906 0.683761 0.020444 0.014234
1 0.317349 0.767762 0.016307 0.010762
1 0.653248 0.501701 0.016014 0.009950
1 0.078498 0.726321 0.028445 0.022116
1 0.596141 0.373348 0.025815 0.018230
1 0.367589 0.820531 0.014999 0.010469
1 0.206056 0.712973 0.016284 0.010899
1 0.263103 0.667886 0.017740 0.012520
1 0.695881 0.574719 0.014771 0.009994
1 0.259105 0.723386 0.016560 0.011546
1 0.648166 0.316335 0.022907 0.016453
1 0.178622 0.782897 0.015501 0.010935
1 0.370573 0.792898 0.015468 0.010487
1 0.485345 0.713634 0.018662 0.012512
1 0.543679 0.725893 0.022356 0.014907
1 0.234589 0.750839 0.018072 0.012566
1 0.341260 0.666384 0.016749 0.012410
1 0.844939 0.428856 0.014595 0.009938
1 0.415028 0.594818 0.021959 0.014925
1 0.651305 0.450548 0.012749 0.009023
1 0.243830 0.752757 0.017689 0.012192
1 0.503061 0.663791 0.015982 0.011651
1 0.472650 0.799177 0.014291 0.010724
1 0.279975 0.671973 0.017145 0.013313
1 0.290336 0.762086 0.015982 0.011538
1 0.411761 0.698829 0.020050 0.014167
1 0.134641 0.730558 0.015895 0.010175
1 0.245914 0.836489 0.015866 0.009762
1 0.477683 0.645565 0.059800 0.016545
1 0.305124 0.862065 0.014900 0.010442
1 0.055879 0.765836 0.016345 0.022885
1 0.385107 0.692746 0.017234 0.012635
1 0.671551 0.492109 0.013209 0.009799
1 0.323604 0.736076 0.015380 0.010623
1 0.596418 0.452369 0.014377 0.009992
1 0.592019 0.513159 0.013515 0.010013
1 0.080316 0.762924 0.016205 0.011282
1 0.112023 0.740551 0.015243 0.010373
1 0.447659 0.688020 0.019581 0.013290
1 0.239338 0.704374 0.018258 0.012543
1 0.190916 0.799107 0.013597 0.009182
1 0.305672 0.733377 0.014533 0.011684
1 0.336789 0.771688 0.016893 0.011543
1 0.139143 0.922817 0.019482 0.019087
1 0.546507 0.904668 0.026508 0.005037
1 0.585241 0.632793 0.019083 0.013078
1 0.467529 0.750385 0.018400 0.013443
1 0.372552 0.778564 0.017753 0.011556
1 0.619427 0.382914 0.012016 0.008940
1 0.753561 0.434703 0.015102 0.009705
1 0.336512 0.723577 0.018863 0.012632
1 0.751898 0.470988 0.012625 0.009502
1 0.166591 0.752037 0.015300 0.010685
1 0.610979 0.517404 0.013749 0.009114
1 0.451090 0.763014 0.018936 0.012567
1 0.145787 0.860217 0.015157 0.011818
1 0.551638 0.481525 0.013920 0.009650
1 0.148630 0.918583 0.017438 0.015504
1 0.317104 0.719278 0.019647 0.013576
1 0.359835 0.669575 0.021733 0.014803
1 0.877584 0.401398 0.014589 0.009556
1 0.563749 0.520814 0.012884 0.010309
1 0.541296 0.435423 0.022506 0.017448
1 0.250578 0.665519 0.019209 0.014948
1 0.775556 0.381233 0.013535 0.009157
1 0.117703 0.921817 0.017170 0.014544
1 0.650703 0.525596 0.013743 0.009809
1 0.557783 0.506642 0.015291 0.010413
1 0.483692 0.545876 0.015978 0.011425
1 0.675426 0.289546 0.021768 0.016142
1 0.324415 0.866181 0.011707 0.009902
1 0.268052 0.725343 0.016219 0.011444
1 0.435427 0.684768 0.022431 0.015329
1 0.261683 0.756374 0.017381 0.012083
1 0.556234 0.560132 0.017219 0.011982
1 0.743815 0.544115 0.013228 0.009043
1 0.598498 0.632613 0.018471 0.014187
1 0.575247 0.564929 0.018342 0.012522
1 0.549350 0.707135 0.019003 0.014067
1 0.165547 0.863136 0.014573 0.010716
1 0.360074 0.833602 0.014385 0.009713
1 0.896728 0.394022 0.012343 0.008532
1 0.503582 0.717642 0.018128 0.013736
1 0.110627 0.809086 0.015806 0.010360
1 0.180061 0.739469 0.016425 0.012077
1 0.210724 0.871621 0.015172 0.010512
1 0.493212 0.533416 0.014984 0.009659
1 0.526178 0.475687 0.013118 0.009323
1 0.754968 0.522386 0.014078 0.009564
1 0.649293 0.538405 0.013205 0.009724
1 0.417427 0.681128 0.019363 0.012021
1 0.159371 0.703722 0.014095 0.010945
1 0.215037 0.922811 0.016986 0.017127
1 0.798329 0.419257 0.013125 0.009017
1 0.481139 0.694733 0.017879 0.013526
1 0.191579 0.867896 0.014600 0.009942
1 0.400991 0.827743 0.015969 0.010834
1 0.765283 0.344856 0.011430 0.008313
1 0.659776 0.527443 0.012754 0.009542
1 0.617133 0.444256 0.013775 0.009493
1 0.515397 0.759911 0.015857 0.011887
1 0.155435 0.860779 0.014681 0.010729
1 0.412035 0.738328 0.018471 0.013969
1 0.464239 0.604503 0.019493 0.015589
1 0.475117 0.544360 0.014595 0.010810
1 0.786196 0.477873 0.013791 0.009497
1 0.100796 0.918301 0.023836 0.022675
1 0.570474 0.471766 0.014367 0.008962
1 0.311825 0.809672 0.014950 0.010484
1 0.841404 0.288508 0.010776 0.007084
1 0.740653 0.505732 0.015178 0.010735
1 0.126344 0.772491 0.015968 0.010516
1 0.842566 0.360879 0.013654 0.009302
1 0.177195 0.708136 0.015033 0.010955
1 0.332603 0.739113 0.016031 0.011091
1 0.427280 0.846796 0.014466 0.010656
1 0.169856 0.820827 0.016242 0.010571
1 0.471584 0.584487 0.017546 0.012756
1 0.897210 0.339310 0.012790 0.008645
1 0.526484 0.463609 0.014666 0.010297
1 0.732664 0.555592 0.015073 0.010084
1 0.649005 0.463323 0.014667 0.010140
1 0.718579 0.593234 0.017724 0.012278
1 0.181640 0.837423 0.015609 0.011277
1 0.202644 0.827449 0.014656 0.010251
1 0.182216 0.692502 0.018287 0.013261
1 0.373499 0.730842 0.018632 0.013940
1 0.919080 0.304699 0.010469 0.007490
1 0.687863 0.508084 0.012767 0.009127
1 0.537763 0.704789 0.023746 0.015589
1 0.708806 0.475164 0.012459 0.008946
1 0.201451 0.869882 0.014017 0.010260
1 0.479002 0.768529 0.017943 0.012454
1 0.729744 0.294255 0.010167 0.007616
1 0.233340 0.808419 0.013629 0.010210
1 0.574462 0.510217 0.012785 0.009131
1 0.379695 0.674309 0.017022 0.012126
1 0.521937 0.666466 0.015842 0.010946
1 0.485084 0.495078 0.016659 0.012614
1 0.206324 0.842218 0.016560 0.012022
1 0.490681 0.696530 0.017952 0.013235
1 0.596592 0.339806 0.013380 0.008417
1 0.281522 0.774852 0.014061 0.010200
1 0.209202 0.698143 0.020263 0.013394
1 0.492200 0.547456 0.014002 0.011278
1 0.819237 0.484783 0.012567 0.009289
1 0.210311 0.761176 0.015649 0.011309
1 0.424956 0.804212 0.015509 0.010110
1 0.842504 0.231348 0.009978 0.006854
1 0.415531 0.755679 0.016411 0.012055
1 0.259487 0.708049 0.020244 0.012599
1 0.316671 0.782134 0.017261 0.011291
1 0.693367 0.534051 0.012376 0.009160
1 0.851724 0.465654 0.011651 0.010006
1 0.521743 0.553630 0.014323 0.010215
1 0.738762 0.431713 0.015031 0.009246
1 0.558589 0.674361 0.013171 0.010707
1 0.438220 0.791371 0.018123 0.012790
1 0.326589 0.826400 0.014830 0.009942
1 0.730320 0.277067 0.011068 0.007886
1 0.142950 0.815738 0.013508 0.009064
1 0.290024 0.673549 0.018686 0.013647
1 0.223855 0.805790 0.013789 0.009913
1 0.392172 0.733977 0.017855 0.013803
1 0.696838 0.497149 0.012918 0.009087
1 0.696326 0.353031 0.012203 0.008424
1 0.272404 0.772929 0.015156 0.010388
1 0.378855 0.747777 0.016191 0.011739
1 0.675260 0.418907 0.013860 0.009351
1 0.439997 0.743766 0.018605 0.012690
1 0.354609 0.726868 0.018707 0.014546
1 0.794977 0.373548 0.012245 0.008554
1 0.862246 0.353098 0.011252 0.007766
1 0.661480 0.346451 0.012438 0.008442
1 0.498229 0.755357 0.015913 0.012526
1 0.613802 0.656203 0.029060 0.021069
1 0.692977 0.589089 0.016760 0.012053
1 0.910106 0.331005 0.010616 0.007792
1 0.182621 0.755478 0.016660 0.011284
1 0.459062 0.764270 0.015816 0.011611
1 0.107756 0.724578 0.016624 0.011858
1 0.257985 0.799025 0.014909 0.010290
1 0.190903 0.693968 0.018861 0.013337
1 0.290404 0.777092 0.015114 0.010934
1 0.675301 0.543602 0.013371 0.010118
1 0.641843 0.376792 0.011987 0.008006
1 0.099863 0.767308 0.015949 0.011221
1 0.428685 0.577852 0.023233 0.017290
1 0.829979 0.426631 0.013373 0.009868
1 0.264555 0.649885 0.017995 0.013327
1 0.299594 0.778404 0.015053 0.010424
1 0.270895 0.841255 0.015201 0.010332
1 0.663643 0.491048 0.014185 0.009675
1 0.266445 0.800852 0.014049 0.009596
1 0.270625 0.670063 0.018305 0.012985
1 0.751726 0.330723 0.011639 0.008009
1 0.300653 0.676699 0.017007 0.013554
1 0.258661 0.812811 0.014618 0.009622
1 0.699832 0.263721 0.018496 0.013034
1 0.608333 0.634297 0.020553 0.014905
1 0.459866 0.811732 0.013094 0.009748
1 0.684312 0.532408 0.012932 0.009046
1 0.716618 0.552146 0.013083 0.009937
1 0.415227 0.802030 0.014922 0.011317
1 0.438230 0.834353 0.017312 0.012309
1 0.831972 0.414622 0.012058 0.008630
1 0.314183 0.850335 0.013354 0.009066
1 0.417074 0.787835 0.014791 0.010377
1 0.197652 0.787301 0.017019 0.011694
1 0.863766 0.398659 0.014374 0.009505
1 0.240063 0.720206 0.015824 0.011273
1 0.533211 0.723979 0.019213 0.014846
1 0.898775 0.360922 0.011810 0.007935
1 0.764516 0.366621 0.014077 0.008504
1 0.721813 0.579509 0.014305 0.009451
1 0.854453 0.362982 0.013194 0.008622
1 0.743345 0.482178 0.013702 0.009039
1 0.193155 0.757285 0.016599 0.010901
1 0.750252 0.559027 0.015158 0.010539
1 0.381571 0.779995 0.017431 0.011432
1 0.503294 0.592366 0.022807 0.017168
1 0.271689 0.758269 0.018149 0.011842
1 0.766792 0.511111 0.012863 0.009956
1 0.153319 0.831476 0.016026 0.010946
1 0.290969 0.819490 0.013639 0.009459
1 0.448017 0.705417 0.019061 0.013339
1 0.438718 0.580043 0.021084 0.014996
1 0.761987 0.301604 0.009893 0.007585
1 0.493322 0.661427 0.015928 0.010568
1 0.719108 0.358004 0.013142 0.008080
1 0.665947 0.542178 0.015715 0.010542
1 0.783864 0.404980 0.012843 0.008502
1 0.921713 0.247563 0.011392 0.007948
1 0.697338 0.510620 0.014189 0.010006
1 0.553059 0.624282 0.016840 0.013131
1 0.514342 0.461816 0.016118 0.010477
1 0.404741 0.753559 0.016990 0.011633
1 0.889228 0.369657 0.012622 0.008818
1 0.354468 0.774659 0.018412 0.011999
1 0.249393 0.924195 0.020478 0.020479
1 0.223751 0.792092 0.015091 0.011028
1 0.831106 0.450417 0.013559 0.009902
1 0.540318 0.503412 0.016455 0.009633
1 0.712709 0.537786 0.014642 0.009472
1 0.540563 0.670766 0.014165 0.010748
1 0.895177 0.270847 0.012181 0.008260
1 0.775347 0.257126 0.011544 0.007434
1 0.157015 0.749678 0.014901 0.010621
1 0.887672 0.392177 0.012040 0.008320
1 0.620496 0.574377 0.015635 0.010460
1 0.151545 0.734426 0.016862 0.011380
1 0.774994 0.303535 0.010186 0.007218
1 0.585912 0.487923 0.012866 0.009744
1 0.751533 0.242057 0.009383 0.007490
1 0.495374 0.610796 0.018723 0.015188
1 0.588430 0.475024 0.012432 0.008445
1 0.134549 0.787867 0.016478 0.010739
1 0.617953 0.419313 0.014222 0.009473
1 0.699429 0.474177 0.013753 0.009196
1 0.611444 0.557633 0.013662 0.009821
1 0.596856 0.415276 0.012708 0.009227
1 0.750605 0.299101 0.010747 0.007869
1 0.242080 0.849646 0.016992 0.011384
1 0.064643 0.868533 0.027072 0.006476
1 0.312623 0.913665 0.015034 0.005447
1 0.539049 0.465910 0.014890 0.009744
1 0.430035 0.599710 0.013773 0.010890
1 0.160994 0.819056 0.013422 0.009184
1 0.877382 0.355615 0.011540 0.008164
1 0.445664 0.793427 0.014372 0.011010
1 0.787688 0.349375 0.012997 0.008907
