1 0.898339 0.410840 0.014639 0.015455
1 0.339331 0.336794 0.020216 0.010765
1 0.201145 0.464745 0.018483 0.012555
1 0.270938 0.185043 0.012313 0.018586
1 0.875852 0.408302 0.013430 0.021686
1 0.340156 0.304941 0.012300 0.007819
1 0.936009 0.581783 0.007071 0.021317
1 0.824948 0.422591 0.030998 0.038709
1 0.753721 0.381892 0.011112 0.010831
1 0.071154 0.160289 0.006652 0.010904
1 0.902910 0.404339 0.011802 0.012157
1 0.342573 0.312228 0.013116 0.009914
1 0.346300 0.728917 0.009602 0.013080
1 0.368775 0.772783 0.008051 0.011050
1 0.388823 0.370450 0.015835 0.009245
1 0.723846 0.507998 0.012293 0.011203
1 0.316236 0.704381 0.007776 0.010105
1 0.788374 0.414656 0.019158 0.019750
1 0.232513 0.085740 0.007668 0.016311
1 0.356541 0.332528 0.010611 0.007222
1 0.286520 0.406509 0.012209 0.009183
1 0.685787 0.853786 0.009567 0.010754
1 0.356897 0.307164 0.012972 0.008473
1 0.272678 0.397090 0.013747 0.009553
1 0.115861 0.067550 0.005847 0.014735
1 0.384084 0.299802 0.014080 0.008560
1 0.329236 0.315613 0.011406 0.008720
1 0.265111 0.112316 0.009610 0.007179
1 0.365685 0.321473 0.009931 0.006808
1 0.861561 0.417012 0.014700 0.019048
1 0.369548 0.349996 0.011533 0.007519
1 0.382497 0.346460 0.009502 0.007028
1 0.368643 0.342032 0.011448 0.007852
1 0.353496 0.324725 0.008574 0.007613
1 0.715122 0.376601 0.018571 0.019132
1 0.742227 0.461187 0.010160 0.018868
1 0.289348 0.414195 0.011039 0.008915
1 0.326465 0.307813 0.012971 0.008351
1 0.333017 0.330207 0.011429 0.007969
1 0.381201 0.388414 0.006239 0.013190
1 0.921103 0.426952 0.009027 0.009735
1 0.369740 0.389308 0.005361 0.010149
1 0.372594 0.388720 0.004967 0.009461
1 0.390153 0.313884 0.009355 0.006061
1 0.378179 0.317983 0.013769 0.007888
1 0.370957 0.303066 0.009846 0.006935
1 0.392528 0.333555 0.009211 0.006026
1 0.215232 0.368971 0.010425 0.005633
1 0.455437 0.887592 0.010253 0.009538
1 0.236959 0.428718 0.010176 0.007488
1 0.273404 0.163807 0.008031 0.013159
1 0.275423 0.411909 0.009448 0.008005
1 0.375880 0.292105 0.027876 0.013777
1 0.366602 0.377475 0.011901 0.009174
1 0.913031 0.417163 0.008266 0.010695
1 0.753252 0.439466 0.011010 0.007318
1 0.880528 0.392341 0.011297 0.004494
1 0.773200 0.448425 0.014133 0.010455
1 0.360665 0.772852 0.008741 0.015512
1 0.859431 0.397749 0.017569 0.006838
1 0.238917 0.438600 0.009821 0.008059
1 0.867474 0.391228 0.009793 0.004802
1 0.741704 0.463625 0.009242 0.013648
1 0.232756 0.414329 0.010660 0.008429
1 0.903918 0.402969 0.011951 0.009499
1 0.364918 0.377964 0.009944 0.008359
1 0.860098 0.419604 0.011543 0.015834
1 0.766892 0.563872 0.020940 0.014452
1 0.755222 0.380923 0.010359 0.009213
1 0.325334 0.712346 0.008596 0.008723
1 0.899974 0.408872 0.013858 0.014957
1 0.802558 0.380164 0.009029 0.010129
1 0.208774 0.239090 0.004818 0.010187
1 0.717910 0.376232 0.011773 0.018406
1 0.830218 0.618261 0.009700 0.009509
1 0.888039 0.399422 0.007156 0.004966
1 0.719669 0.370235 0.007852 0.008296
1 0.743543 0.458708 0.008964 0.018132
1 0.854797 0.389902 0.010506 0.004602
1 0.258719 0.127020 0.010895 0.016409
1 0.353913 0.301193 0.013338 0.007289
1 0.846680 0.643618 0.020883 0.012939
