1 0.373448 0.340121 0.006824 0.032826
1 0.399308 0.344091 0.004766 0.031158
1 0.316257 0.260039 0.009246 0.012054
1 0.874483 0.774787 0.006495 0.023666
1 0.862899 0.797550 0.004709 0.026223
1 0.302178 0.290657 0.009144 0.014710
1 0.920087 0.823422 0.009847 0.015377
1 0.179795 0.282757 0.009248 0.014868
1 0.498474 0.388211 0.010577 0.012010
1 0.731080 0.637241 0.008445 0.012112
1 0.499661 0.389713 0.009299 0.011555
1 0.921152 0.807661 0.009317 0.014493
1 0.815160 0.212179 0.004716 0.020255
1 0.184301 0.266083 0.010369 0.016506
1 0.693074 0.569366 0.007021 0.010891
1 0.757244 0.300274 0.004331 0.021889
1 0.803997 0.203631 0.005907 0.026695
1 0.828586 0.458100 0.006961 0.012633
