1 0.175584 0.624941 0.021132 0.020319
1 0.052547 0.173753 0.028794 0.016002
1 0.129201 0.289842 0.028935 0.015276
1 0.606950 0.544042 0.022781 0.017105
1 0.433528 0.898467 0.018026 0.014212
1 0.811048 0.784026 0.024920 0.014972
1 0.030057 0.402163 0.026991 0.012979
1 0.530794 0.178153 0.017783 0.008385
1 0.224792 0.681944 0.022742 0.019532
1 0.017130 0.501136 0.034260 0.016926
1 0.038098 0.356240 0.032610 0.014027
1 0.803767 0.757504 0.022048 0.015505
1 0.030244 0.390501 0.027260 0.014932
1 0.144137 0.238018 0.018844 0.009781
1 0.116785 0.497484 0.020301 0.011815
1 0.417520 0.880032 0.034571 0.033077
1 0.759539 0.710390 0.024187 0.017277
1 0.016595 0.413261 0.033191 0.013254
1 0.682004 0.618382 0.022218 0.018669
1 0.864324 0.847864 0.019356 0.011483
1 0.118103 0.507720 0.019176 0.010863
1 0.024930 0.044253 0.030942 0.011285
1 0.019153 0.468610 0.020800 0.009433
1 0.119848 0.461532 0.028676 0.012001
1 0.449896 0.919195 0.017558 0.012902
1 0.161449 0.083719 0.025621 0.011178
1 0.120874 0.443904 0.026228 0.011216
1 0.031832 0.367530 0.023363 0.009004
1 0.928478 0.970237 0.022222 0.010066
1 0.124709 0.381561 0.017380 0.008809
1 0.125843 0.408213 0.019618 0.009514
1 0.121645 0.422639 0.018128 0.010606
1 0.411444 0.863334 0.017972 0.015131
1 0.008734 0.549867 0.017468 0.010802
1 0.534644 0.422687 0.020226 0.015746
1 0.150993 0.590580 0.019215 0.018388
1 0.690093 0.635349 0.013937 0.012210
1 0.009208 0.569172 0.018417 0.012589
1 0.510663 0.163530 0.015166 0.006677
1 0.291488 0.737203 0.018542 0.017754
1 0.368951 0.295533 0.027147 0.013213
1 0.003113 0.588968 0.006226 0.009101
