1 0.721342 0.799391 0.011170 0.024713
1 0.656258 0.741240 0.009964 0.022228
1 0.720547 0.766813 0.010364 0.022541
1 0.718586 0.875090 0.012278 0.031206
1 0.679331 0.819979 0.012966 0.022343
1 0.690402 0.955310 0.003877 0.066942
1 0.716284 0.910985 0.013524 0.048210
1 0.721039 0.834834 0.011520 0.024441
1 0.683903 0.961185 0.004512 0.061005
1 0.679390 0.853715 0.014638 0.022906
1 0.758096 0.744279 0.007302 0.019879
1 0.705806 0.422266 0.003516 0.036800
1 0.696637 0.947190 0.003746 0.062176
1 0.769846 0.822306 0.005320 0.019469
1 0.657625 0.982686 0.010029 0.026443
1 0.744404 0.893852 0.010229 0.060990
1 0.781879 0.718998 0.010075 0.021764
1 0.806301 0.277209 0.003854 0.027703
1 0.677851 0.735950 0.009250 0.019844
1 0.718919 0.839546 0.008803 0.019716
1 0.761056 0.744187 0.011348 0.021472
1 0.683196 0.966108 0.004359 0.053660
1 0.680728 0.706909 0.011861 0.029687
1 0.761092 0.775496 0.006417 0.017525
1 0.699098 0.385149 0.004333 0.042880
1 0.656203 0.706616 0.011242 0.021832
1 0.711504 0.956198 0.006462 0.038712
1 0.727089 0.708979 0.004461 0.018100
1 0.761060 0.822214 0.007727 0.020374
1 0.804085 0.738289 0.011067 0.021778
1 0.657904 0.787339 0.008373 0.023721
1 0.788794 0.312245 0.002691 0.025514
1 0.740215 0.687184 0.010297 0.021643
