1 0.658129 0.810898 0.013911 0.013678
1 0.630268 0.825808 0.012205 0.012688
1 0.497854 0.948639 0.006870 0.009532
1 0.726787 0.237885 0.009968 0.012139
1 0.592433 0.862740 0.010717 0.012246
1 0.566860 0.203378 0.006935 0.011936
1 0.747618 0.682819 0.013325 0.013053
1 0.226884 0.270049 0.012079 0.007448
1 0.550969 0.908493 0.009952 0.010706
1 0.189867 0.369551 0.011392 0.009084
1 0.512341 0.187617 0.008574 0.011514
1 0.155849 0.450058 0.010018 0.006416
1 0.208322 0.332717 0.011756 0.010027
1 0.238030 0.953542 0.010490 0.014062
1 0.243397 0.552266 0.012876 0.013454
1 0.263714 0.597560 0.015550 0.012010
1 0.004241 0.503408 0.008441 0.010975
1 0.359706 0.844913 0.009045 0.010492
1 0.608578 0.666440 0.009734 0.012003
1 0.210136 0.977883 0.014112 0.018736
1 0.053289 0.531432 0.006461 0.011132
1 0.309614 0.945327 0.005276 0.010841
1 0.390674 0.695922 0.007930 0.005525
1 0.015483 0.644745 0.010293 0.011759
