1 0.351526 0.053493 0.007213 0.010559
1 0.164946 0.038661 0.004067 0.027640
1 0.720317 0.603420 0.004613 0.033315
1 0.604213 0.630653 0.010440 0.011418
1 0.262700 0.194496 0.010779 0.011871
1 0.930044 0.547280 0.003436 0.021815
1 0.838981 0.413988 0.007442 0.009726
1 0.605025 0.653544 0.010618 0.010763
1 0.501488 0.475757 0.008277 0.008962
1 0.199542 0.717875 0.006624 0.008891
1 0.784782 0.446648 0.008677 0.010069
1 0.716586 0.462505 0.003986 0.022378
1 0.287890 0.644146 0.008214 0.010160
1 0.195078 0.243074 0.004252 0.038071
1 0.728102 0.056877 0.007474 0.009972
1 0.518491 0.448264 0.003349 0.023590
1 0.360013 0.302125 0.009087 0.011309
1 0.414135 0.576909 0.007617 0.011858
1 0.171704 0.655059 0.009238 0.010318
1 0.783508 0.431508 0.007465 0.009834
1 0.523816 0.311450 0.008289 0.010382
1 0.266967 0.179841 0.006593 0.011286
1 0.061757 0.164925 0.004461 0.029923
1 0.502919 0.646042 0.009539 0.012268
1 0.200192 0.593831 0.009449 0.012460
1 0.735648 0.658515 0.008186 0.010746
1 0.736043 0.506425 0.006728 0.008795
1 0.518867 0.310964 0.006220 0.010616
1 0.456974 0.037045 0.003859 0.021628
1 0.193699 0.051564 0.008803 0.012128
1 0.373504 0.491238 0.008222 0.010519
1 0.626015 0.504236 0.006213 0.009677
1 0.824749 0.480524 0.003934 0.015149
1 0.285289 0.247539 0.007561 0.010787
1 0.783458 0.389486 0.006617 0.008880
1 0.407603 0.191929 0.003666 0.024805
1 0.606291 0.052196 0.007035 0.010199
1 0.062881 0.773585 0.007529 0.009854
1 0.501705 0.521241 0.006688 0.008217
1 0.434676 0.110839 0.004266 0.022672
1 0.604283 0.447855 0.006110 0.010203
1 0.359754 0.051248 0.006519 0.012458
1 0.232288 0.398793 0.006326 0.010100
1 0.159586 0.034325 0.004155 0.021466
1 0.900292 0.605333 0.007477 0.010247
1 0.213879 0.040317 0.003440 0.019291
1 0.838872 0.463255 0.006063 0.009230
1 0.524502 0.657866 0.004938 0.008160
1 0.502775 0.669540 0.008294 0.010205
1 0.287387 0.610514 0.005033 0.014963
1 0.264674 0.180992 0.010202 0.012154
1 0.399996 0.579069 0.003558 0.019601
1 0.840337 0.429547 0.006436 0.008635
1 0.288309 0.629234 0.007711 0.011282
1 0.164412 0.103721 0.005320 0.010484
1 0.168558 0.197040 0.003766 0.027640
1 0.064280 0.521226 0.003626 0.022592
1 0.681187 0.655774 0.008519 0.010251
1 0.522932 0.625003 0.005579 0.010083
1 0.204726 0.730084 0.005842 0.009643
1 0.305459 0.150921 0.003553 0.015161
1 0.304616 0.036472 0.003779 0.022530
1 0.200247 0.043766 0.003975 0.012618
1 0.169934 0.324894 0.003529 0.021594
1 0.735627 0.120346 0.006922 0.019522
1 0.287782 0.665021 0.007418 0.007731
1 0.605156 0.664217 0.009638 0.008211
1 0.287920 0.670759 0.007834 0.008069
1 0.463090 0.039420 0.003349 0.017503
1 0.305799 0.781265 0.003615 0.018428
1 0.284664 0.314167 0.006927 0.010164
1 0.393716 0.353710 0.007506 0.011120
1 0.199448 0.554946 0.003547 0.023979
1 0.626539 0.470402 0.010042 0.014519
1 0.419117 0.693679 0.007125 0.008903
1 0.733600 0.102480 0.005672 0.014000
