1 0.867662 0.080966 0.009930 0.013902
1 0.420493 0.128096 0.007829 0.018844
1 0.863086 0.675165 0.006258 0.012785
1 0.100584 0.403246 0.014440 0.007226
1 0.300402 0.373856 0.007802 0.018970
1 0.296857 0.565296 0.008140 0.021970
1 0.310182 0.778212 0.006150 0.015281
1 0.682011 0.284132 0.007952 0.017427
1 0.538629 0.114582 0.006732 0.013452
1 0.653460 0.102713 0.015942 0.006911
1 0.434568 0.378418 0.015062 0.007456
1 0.499071 0.427619 0.006815 0.014275
1 0.316678 0.585949 0.013392 0.006253
1 0.291179 0.353862 0.012281 0.006759
1 0.697242 0.591408 0.015792 0.006726
1 0.131537 0.373166 0.012131 0.006960
1 0.856402 0.371874 0.004728 0.011581
1 0.694507 0.474875 0.012285 0.005537
1 0.884116 0.782216 0.018491 0.007826
1 0.161424 0.192040 0.006170 0.014422
1 0.486447 0.210342 0.004622 0.011033
1 0.557873 0.608077 0.014121 0.008018
1 0.297255 0.614950 0.005577 0.012122
1 0.369804 0.047483 0.007132 0.013448
1 0.314933 0.573550 0.011287 0.005386
1 0.748912 0.292070 0.014433 0.006407
1 0.311937 0.476491 0.006321 0.014993
1 0.133638 0.505492 0.015073 0.007058
1 0.585077 0.104590 0.005826 0.011264
1 0.424504 0.388314 0.016192 0.006652
1 0.850743 0.635507 0.015174 0.007128
1 0.939745 0.198862 0.019311 0.007656
1 0.695386 0.517792 0.013060 0.006590
1 0.479516 0.777654 0.011843 0.006129
1 0.290202 0.662608 0.013437 0.006267
1 0.125818 0.790125 0.004574 0.011507
1 0.939206 0.730074 0.015381 0.006813
1 0.798249 0.676566 0.013593 0.006698
1 0.043175 0.506753 0.014082 0.007085
1 0.132632 0.620243 0.011961 0.006577
1 0.661534 0.430064 0.015244 0.006966
1 0.124418 0.735816 0.006275 0.014020
1 0.862384 0.262690 0.009511 0.011221
1 0.857696 0.192252 0.004818 0.013104
1 0.552101 0.382592 0.011627 0.006627
1 0.049702 0.267135 0.012875 0.006406
1 0.102242 0.670769 0.011837 0.005404
1 0.688004 0.265979 0.009453 0.005085
1 0.688675 0.406336 0.004894 0.011048
1 0.794745 0.456351 0.012930 0.005184
1 0.231334 0.439581 0.013994 0.006724
1 0.316441 0.634411 0.010916 0.005824
1 0.799064 0.793825 0.012575 0.006548
1 0.135846 0.156806 0.007202 0.015954
1 0.299846 0.583771 0.005754 0.010610
1 0.746383 0.233943 0.016279 0.006775
1 0.401019 0.137478 0.011852 0.006538
1 0.598695 0.685804 0.007683 0.004021
1 0.108393 0.696649 0.004025 0.009890
1 0.417150 0.437255 0.009166 0.004912
1 0.313139 0.238299 0.006429 0.010934
1 0.630895 0.100131 0.003518 0.009371
1 0.691657 0.484788 0.007018 0.006682
1 0.873591 0.534909 0.004364 0.010435
1 0.482760 0.839893 0.008548 0.004067
1 0.696892 0.756500 0.010126 0.006982
1 0.565984 0.415104 0.009292 0.005032
1 0.204114 0.086998 0.004803 0.010145
1 0.110712 0.873263 0.005807 0.011343
1 0.418947 0.443869 0.009239 0.006057
1 0.748930 0.260216 0.004657 0.010624
1 0.636763 0.310072 0.006361 0.011525
1 0.790883 0.319947 0.012304 0.006402
1 0.856381 0.873522 0.004105 0.005582
1 0.226883 0.582790 0.009569 0.004564
1 0.565395 0.325524 0.010655 0.004824
1 0.298204 0.522616 0.005641 0.011897
1 0.771308 0.962955 0.007190 0.012323
1 0.132562 0.516660 0.010891 0.006070
1 0.106944 0.514037 0.005274 0.009234
1 0.873005 0.156285 0.008763 0.004517
1 0.226558 0.575740 0.009268 0.005042
1 0.880444 0.728792 0.007492 0.003560
1 0.696554 0.463524 0.014362 0.006850
1 0.187959 0.069333 0.005922 0.013101
1 0.043983 0.980833 0.005836 0.013639
1 0.661526 0.248039 0.013984 0.008147
