1 0.388525 0.624778 0.004550 0.029517
1 0.990425 0.381894 0.005624 0.043576
1 0.272740 0.659410 0.003865 0.026235
1 0.414816 0.619228 0.004394 0.026242
1 0.877784 0.531087 0.006588 0.019661
1 0.459983 0.263494 0.003847 0.027358
1 0.755459 0.309687 0.005986 0.028206
1 0.420303 0.616403 0.003462 0.021256
1 0.983228 0.218688 0.009979 0.022495
1 0.750374 0.110533 0.008165 0.018675
1 0.461202 0.598084 0.004490 0.028431
1 0.393832 0.622234 0.004274 0.026427
1 0.980778 0.196310 0.013736 0.022997
1 0.693138 0.342574 0.003510 0.019894
1 0.875640 0.453923 0.004339 0.022944
