1 0.791140 0.850163 0.006080 0.010276
1 0.341759 0.459088 0.003222 0.010932
1 0.770205 0.894924 0.006169 0.010019
1 0.515713 0.614398 0.006951 0.012270
1 0.177411 0.318321 0.005974 0.005426
1 0.832484 0.791588 0.006209 0.008583
1 0.368508 0.217258 0.005671 0.011534
1 0.196375 0.259834 0.006720 0.012887
1 0.827213 0.797027 0.005305 0.008548
1 0.801801 0.822708 0.006464 0.010651
1 0.226451 0.405735 0.004465 0.008179
1 0.222629 0.404898 0.003929 0.008552
1 0.314221 0.224715 0.010703 0.005634
1 0.766913 0.709007 0.003378 0.010894
1 0.290681 0.217789 0.004283 0.006799
1 0.649651 0.770946 0.004307 0.008919
1 0.261967 0.521939 0.003671 0.013870
1 0.828575 0.794868 0.007674 0.010889
1 0.981425 0.924977 0.005264 0.006212
1 0.550071 0.405308 0.006533 0.009091
