1 0.375528 0.823889 0.022433 0.010573
1 0.937874 0.304694 0.025966 0.020972
1 0.487228 0.738004 0.027551 0.011786
1 0.522819 0.689023 0.032003 0.015159
1 0.305551 0.853933 0.027195 0.013838
1 0.670434 0.301351 0.017580 0.011294
1 0.915440 0.297909 0.024969 0.019742
1 0.985476 0.190281 0.028487 0.012349
1 0.397589 0.344537 0.027727 0.011951
1 0.909062 0.567940 0.035009 0.015750
1 0.672247 0.560051 0.034989 0.015947
1 0.685937 0.495169 0.016828 0.006539
1 0.963921 0.542079 0.022190 0.010234
1 0.647149 0.418143 0.015382 0.006554
1 0.889406 0.645941 0.018162 0.019364
1 0.935576 0.548632 0.017495 0.008263
1 0.047537 0.627454 0.025343 0.011046
1 0.886139 0.677079 0.042697 0.025788
