1 0.192917 0.814214 0.008255 0.015105
1 0.486961 0.205640 0.025435 0.011727
1 0.497137 0.195177 0.027385 0.012114
1 0.202921 0.668476 0.007733 0.011278
1 0.170050 0.632725 0.006943 0.010703
1 0.220610 0.668860 0.005741 0.008943
1 0.529053 0.153836 0.020923 0.010778
1 0.192347 0.558601 0.008965 0.014417
1 0.466000 0.226574 0.021788 0.009144
1 0.153368 0.632804 0.006187 0.010462
1 0.159475 0.558857 0.008747 0.013580
1 0.171143 0.604367 0.007342 0.013301
1 0.162590 0.604003 0.007307 0.013399
1 0.121065 0.542064 0.007277 0.013374
1 0.252703 0.605883 0.008049 0.012239
1 0.515625 0.171829 0.027074 0.012422
1 0.185814 0.978865 0.025962 0.009186
1 0.262584 0.761772 0.006673 0.010624
1 0.179712 0.632783 0.006298 0.010634
1 0.562278 0.190507 0.014149 0.014246
1 0.162131 0.632597 0.006632 0.010957
1 0.508360 0.176983 0.024206 0.010490
1 0.228639 0.668643 0.006374 0.009496
1 0.153626 0.604291 0.007909 0.013359
1 0.573933 0.158358 0.011935 0.014272
1 0.103499 0.668884 0.006513 0.009987
1 0.581277 0.193028 0.015176 0.016061
1 0.553605 0.206282 0.012368 0.013843
1 0.112084 0.542640 0.007137 0.011531
1 0.138986 0.541463 0.008492 0.013687
1 0.102774 0.541536 0.007604 0.011192
1 0.246067 0.681132 0.006811 0.010204
1 0.138721 0.558693 0.007790 0.013065
1 0.193885 0.668362 0.006226 0.009493
1 0.143712 0.589816 0.006829 0.011081
1 0.525349 0.160550 0.024963 0.011617
1 0.571879 0.209722 0.011891 0.012387
1 0.171137 0.558373 0.007860 0.013480
1 0.203892 0.815022 0.009019 0.014139
1 0.152887 0.589758 0.007876 0.011981
1 0.613778 0.924013 0.025342 0.007909
1 0.138047 0.668756 0.005948 0.009126
1 0.544875 0.202058 0.018967 0.020770
1 0.161459 0.589318 0.006689 0.010234
1 0.603719 0.085283 0.017873 0.009641
1 0.213066 0.797366 0.009323 0.014155
1 0.253167 0.798010 0.008464 0.014358
1 0.481608 0.210755 0.025946 0.010968
1 0.135174 0.632385 0.007297 0.011720
1 0.226546 0.560361 0.010576 0.018704
1 0.261029 0.817272 0.010041 0.018720
1 0.234111 0.796891 0.008975 0.013435
1 0.560234 0.259292 0.011645 0.013975
1 0.504907 0.285258 0.010232 0.011150
1 0.221584 0.542273 0.007668 0.013291
1 0.170754 0.748053 0.006644 0.009999
1 0.576386 0.245121 0.011965 0.011931
1 0.203265 0.559099 0.007517 0.011800
1 0.620618 0.152198 0.010652 0.012484
1 0.170834 0.761610 0.007136 0.010749
1 0.630343 0.106893 0.010941 0.011359
1 0.238045 0.668717 0.005783 0.009404
1 0.135073 0.589838 0.006889 0.011015
1 0.273553 0.816614 0.009550 0.015861
1 0.457172 0.250768 0.018796 0.005935
1 0.612559 0.166447 0.011041 0.012272
1 0.214755 0.559021 0.008744 0.013160
1 0.531417 0.252218 0.011072 0.011729
1 0.601249 0.147986 0.013857 0.012814
1 0.238335 0.680850 0.005843 0.009619
1 0.143704 0.604022 0.007405 0.013102
1 0.523054 0.251482 0.011203 0.012964
1 0.162262 0.814678 0.008705 0.014643
1 0.179853 0.604478 0.006421 0.011400
1 0.246812 0.668748 0.006463 0.009980
1 0.092866 0.558359 0.006633 0.011608
1 0.214145 0.815448 0.009102 0.015027
1 0.474968 0.216367 0.017864 0.008676
1 0.230538 0.541467 0.007895 0.014933
1 0.129907 0.668654 0.005685 0.008512
1 0.176607 0.720434 0.006349 0.009400
1 0.659100 0.853958 0.015523 0.014265
1 0.471736 0.221450 0.023052 0.010089
1 0.532499 0.144009 0.017446 0.009052
1 0.520120 0.233134 0.010292 0.012830
1 0.229754 0.681510 0.006192 0.009575
1 0.256863 0.668123 0.007165 0.011020
1 0.172243 0.813340 0.007874 0.013038
1 0.493320 0.199110 0.022695 0.009788
1 0.518603 0.165653 0.021891 0.009799
1 0.171353 0.589698 0.006261 0.010103
1 0.589462 0.212597 0.013015 0.013622
1 0.623543 0.120941 0.009230 0.010751
1 0.672961 0.070455 0.015108 0.007481
1 0.180334 0.589709 0.006733 0.010665
1 0.255164 0.720288 0.007200 0.010353
1 0.271992 0.761824 0.007449 0.011402
1 0.515319 0.286700 0.012663 0.012916
1 0.207929 0.604993 0.007613 0.012311
1 0.228464 0.509267 0.009047 0.014204
1 0.243429 0.590569 0.006323 0.009699
1 0.240434 0.541866 0.008876 0.014232
1 0.178357 0.645734 0.006030 0.008772
1 0.202315 0.541989 0.007654 0.013147
1 0.243973 0.646290 0.006802 0.009708
1 0.163184 0.748520 0.005545 0.008533
1 0.128940 0.512088 0.007061 0.009253
1 0.584595 0.161677 0.013675 0.012896
1 0.170455 0.645736 0.006260 0.008761
1 0.243107 0.633159 0.006650 0.011112
1 0.213028 0.668853 0.005861 0.009443
1 0.219375 0.511932 0.006542 0.010193
1 0.287245 0.796888 0.009391 0.013307
1 0.458688 0.259809 0.026773 0.008228
1 0.516922 0.169205 0.025653 0.013657
1 0.256413 0.681232 0.007974 0.010742
1 0.370854 0.457019 0.020289 0.005485
1 0.534429 0.290139 0.013206 0.013849
1 0.190131 0.590150 0.006794 0.009908
1 0.222452 0.797468 0.007492 0.012304
1 0.225652 0.814403 0.008304 0.012857
1 0.597738 0.197800 0.011216 0.011395
1 0.458070 0.244107 0.018232 0.006108
1 0.278003 0.719870 0.006595 0.008778
1 0.129734 0.542261 0.006790 0.012710
1 0.461240 0.238718 0.019769 0.005548
1 0.176693 0.708060 0.005959 0.008964
1 0.290880 0.761339 0.006671 0.012025
1 0.260698 0.591160 0.006234 0.010320
1 0.189289 0.604378 0.007913 0.012205
1 0.121790 0.668530 0.005415 0.008527
1 0.240319 0.562321 0.010289 0.013150
1 0.286902 0.814829 0.013554 0.016382
1 0.592371 0.248888 0.012179 0.013124
1 0.252040 0.645868 0.006466 0.009033
1 0.144729 0.746789 0.005564 0.009014
1 0.147786 0.541776 0.007656 0.012932
1 0.278892 0.677257 0.012685 0.013667
1 0.261870 0.634635 0.007016 0.012658
1 0.197927 0.604539 0.007343 0.011482
1 0.079488 0.645904 0.006193 0.009121
1 0.591768 0.162917 0.010924 0.010958
1 0.170391 0.796984 0.008728 0.013371
1 0.281126 0.747374 0.007977 0.011748
1 0.548273 0.240370 0.012141 0.011858
1 0.631279 0.154508 0.012134 0.012728
1 0.246486 0.719343 0.005696 0.008067
1 0.555027 0.827580 0.012664 0.008399
1 0.458867 0.257972 0.025789 0.007042
1 0.133232 0.604021 0.008817 0.013767
1 0.161757 0.645778 0.005562 0.008745
1 0.497654 0.284648 0.009356 0.009856
1 0.138567 0.681600 0.007193 0.010158
1 0.198287 0.632857 0.007188 0.011124
1 0.681775 0.856616 0.014133 0.009095
1 0.300393 0.762371 0.008297 0.011927
1 0.163567 0.668914 0.006115 0.009534
1 0.122944 0.605322 0.007742 0.010778
1 0.207996 0.720057 0.005769 0.009990
1 0.169355 0.719735 0.006635 0.008947
1 0.007895 0.433602 0.015583 0.005802
1 0.678374 0.851263 0.016501 0.013113
1 0.251740 0.633306 0.005646 0.009834
1 0.205762 0.645743 0.006345 0.009661
1 0.234072 0.590271 0.007946 0.011197
1 0.281815 0.761786 0.007753 0.011341
1 0.148704 0.558804 0.008438 0.011533
1 0.648264 0.851534 0.010956 0.010728
1 0.137563 0.720885 0.005809 0.007337
1 0.156852 0.541190 0.008234 0.013567
1 0.498703 0.188915 0.021741 0.008867
1 0.198107 0.762450 0.007201 0.009711
1 0.192536 0.681181 0.006178 0.009543
1 0.189238 0.633009 0.006520 0.010481
1 0.220495 0.495572 0.008038 0.009288
1 0.225462 0.590207 0.007537 0.010506
1 0.541688 0.256127 0.012560 0.014134
1 0.109619 0.632889 0.006487 0.011033
1 0.519360 0.813077 0.012853 0.008225
1 0.148222 0.681387 0.007541 0.009713
1 0.191136 0.720214 0.006292 0.009083
1 0.520634 0.291327 0.009837 0.010506
1 0.600454 0.215413 0.011552 0.013587
1 0.144543 0.632894 0.006916 0.010723
1 0.088062 0.646297 0.006073 0.007991
1 0.842760 0.916022 0.011394 0.010527
1 0.636420 0.059921 0.012456 0.007168
1 0.225747 0.604721 0.006635 0.012224
1 0.124401 0.632715 0.007564 0.011648
1 0.162650 0.969933 0.016067 0.005754
1 0.224753 0.633059 0.007363 0.010859
1 0.182561 0.797144 0.009439 0.013940
1 0.120639 0.678905 0.005330 0.006970
1 0.608563 0.200030 0.010628 0.012414
1 0.751381 0.888088 0.009887 0.008450
1 0.231168 0.719678 0.006530 0.008299
1 0.119839 0.557683 0.006023 0.011934
1 0.249942 0.816005 0.008698 0.016144
1 0.075410 0.556886 0.006740 0.009749
1 0.182563 0.814195 0.009212 0.015022
1 0.175400 0.541537 0.008057 0.013353
1 0.143645 0.645660 0.006656 0.009197
1 0.153315 0.645515 0.005641 0.008805
1 0.630591 0.121260 0.007349 0.009436
1 0.211682 0.680978 0.005534 0.009691
1 0.157834 0.981157 0.015494 0.005956
1 0.208244 0.590084 0.007073 0.009728
1 0.152125 0.993656 0.015017 0.005773
1 0.166105 0.541130 0.009148 0.013769
1 0.183292 0.541831 0.008368 0.013025
1 0.175067 0.680859 0.006133 0.009809
1 0.260825 0.605840 0.007100 0.010556
1 0.530131 0.237078 0.009137 0.010705
1 0.156642 0.681196 0.006268 0.009679
1 0.242628 0.604759 0.005967 0.011606
1 0.116909 0.588106 0.008309 0.010427
1 0.869040 0.964935 0.013098 0.006464
1 0.571970 0.296896 0.008255 0.008202
1 0.134730 0.645187 0.006488 0.009630
1 0.242895 0.761004 0.006922 0.009941
1 0.234173 0.633306 0.006821 0.010139
1 0.139050 0.668859 0.006164 0.008875
1 0.503108 0.802579 0.014905 0.009530
1 0.184585 0.707581 0.006052 0.009340
1 0.485286 0.279893 0.010132 0.011399
1 0.233960 0.604530 0.007978 0.012419
1 0.586275 0.261762 0.010348 0.010731
1 0.107836 0.645174 0.006880 0.010043
1 0.381196 0.260744 0.010238 0.013874
1 0.093175 0.583608 0.006033 0.008539
1 0.449518 0.611403 0.009980 0.005425
1 0.222752 0.719918 0.006330 0.009743
1 0.067913 0.668482 0.006703 0.007947
1 0.686913 0.948167 0.019904 0.005230
1 0.449999 0.680691 0.010756 0.004676
1 0.170393 0.719697 0.006891 0.008060
1 0.159485 0.976749 0.015987 0.005653
1 0.100611 0.584514 0.007561 0.008960
1 0.217012 0.604832 0.007652 0.011480
1 0.261212 0.645696 0.005676 0.008432
1 0.845101 0.997537 0.014042 0.004654
1 0.096695 0.645687 0.006544 0.009056
1 0.169411 0.707967 0.005631 0.008243
1 0.586078 0.099644 0.011112 0.007167
1 0.625893 0.168340 0.009075 0.010768
1 0.613230 0.199786 0.012491 0.013672
1 0.616094 0.202316 0.010943 0.011807
1 0.537047 0.236347 0.009843 0.013479
1 0.222990 0.707791 0.006343 0.008744
1 0.624839 0.067968 0.014196 0.008423
1 0.587264 0.836758 0.008653 0.008717
1 0.182425 0.558307 0.008851 0.013616
1 0.734399 0.883264 0.010847 0.010314
1 0.164687 0.680992 0.006764 0.009981
1 0.217724 0.633136 0.006790 0.010466
1 0.205725 0.708097 0.006108 0.008393
1 0.230552 0.707661 0.005343 0.008136
1 0.199010 0.590004 0.008421 0.009768
1 0.215025 0.720225 0.006788 0.009687
1 0.873562 0.932691 0.011024 0.007363
1 0.785126 0.898223 0.009374 0.007671
1 0.559308 0.297436 0.007696 0.008462
1 0.651290 0.112354 0.008346 0.009817
1 0.153685 0.511360 0.004720 0.009475
1 0.234670 0.645816 0.006480 0.010244
1 0.116847 0.645444 0.007354 0.009341
1 0.104309 0.527088 0.008352 0.005462
1 0.585271 0.098755 0.010999 0.006557
1 0.137657 0.707930 0.005882 0.007296
1 0.055498 0.436662 0.006921 0.004913
1 0.139067 0.720884 0.006222 0.007451
1 0.423477 0.595118 0.013197 0.004683
1 0.110876 0.632434 0.005557 0.011144
1 0.217046 0.589953 0.007761 0.010383
1 0.200927 0.502517 0.011960 0.002882
1 0.239340 0.668348 0.005807 0.009710
1 0.557883 0.186637 0.008802 0.009159
1 0.672756 0.210209 0.015695 0.005678
1 0.122851 0.668472 0.005383 0.008776
1 0.125630 0.645292 0.006921 0.009668
1 0.524095 0.764735 0.008604 0.004814
1 0.124613 0.589524 0.006340 0.009952
1 0.623066 0.068735 0.016102 0.008950
1 0.243474 0.054980 0.009474 0.007739
1 0.596798 0.214776 0.011176 0.014017
1 0.300541 0.747527 0.007546 0.009204
1 0.588143 0.162489 0.011858 0.012444
1 0.392724 0.239736 0.010500 0.012157
