0 0.511318 0.650974 0.078443 0.062487
0 0.375624 0.446485 0.080796 0.061630
0 0.200976 0.448872 0.080528 0.064337
0 0.395713 0.645586 0.068387 0.059737
0 0.340719 0.918753 0.101016 0.087678
0 0.284515 0.449654 0.054130 0.044330
0 0.485160 0.132372 0.044939 0.030483
0 0.674126 0.133809 0.054086 0.032510
0 0.292897 0.267653 0.049741 0.032254
0 0.483347 0.267482 0.057485 0.040135
0 0.419374 0.267305 0.052268 0.031656
0 0.549590 0.131684 0.053579 0.032535
0 0.617991 0.272175 0.056667 0.032558
0 0.757191 0.034142 0.038223 0.044924
0 0.226837 0.265835 0.055213 0.031833
0 0.549060 0.271799 0.052012 0.032834
0 0.173959 0.127171 0.053022 0.032510
0 0.361232 0.130258 0.050183 0.029709
0 0.239021 0.127954 0.034964 0.024869
0 0.357411 0.270714 0.055681 0.031362
0 0.611607 0.132040 0.049430 0.028360
0 0.671939 0.898053 0.117263 0.100304
1 0.123275 0.588892 0.010430 0.019344
