1 0.425037 0.736982 0.026950 0.031474
1 0.710395 0.414315 0.019439 0.034319
1 0.397602 0.674990 0.028856 0.035411
1 0.465593 0.743843 0.025340 0.031337
1 0.441258 0.679509 0.026060 0.032500
1 0.623235 0.458649 0.014827 0.022230
1 0.451332 0.711514 0.024924 0.029050
1 0.448813 0.693105 0.032056 0.037234
1 0.517388 0.658818 0.024281 0.031991
1 0.433451 0.772808 0.033355 0.038308
1 0.772082 0.222577 0.019832 0.036714
1 0.429040 0.647870 0.031335 0.036062
1 0.431708 0.752185 0.024787 0.029112
1 0.734556 0.390976 0.016250 0.029526
1 0.514410 0.642280 0.021025 0.028072
1 0.744535 0.253794 0.021667 0.043767
1 0.731714 0.220753 0.026637 0.048989
1 0.469756 0.761274 0.022741 0.026058
1 0.433748 0.665306 0.024208 0.029531
1 0.801476 0.245192 0.023846 0.047237
1 0.780087 0.293535 0.025406 0.050101
1 0.546718 0.643577 0.022807 0.030380
1 0.589114 0.531872 0.014237 0.022246
1 0.647875 0.498942 0.016647 0.023179
1 0.546598 0.717833 0.018585 0.026126
1 0.675606 0.341861 0.028216 0.049911
1 0.634909 0.477463 0.018964 0.027410
1 0.756408 0.199543 0.023324 0.041216
1 0.527889 0.684185 0.026428 0.031237
1 0.754079 0.260906 0.017255 0.032059
1 0.554565 0.654825 0.022787 0.029706
1 0.349678 0.837357 0.025087 0.023685
1 0.706254 0.355572 0.016332 0.028996
1 0.305341 0.771683 0.025749 0.023972
1 0.832796 0.067718 0.012093 0.025045
1 0.671927 0.481571 0.020072 0.031692
1 0.238651 0.831791 0.021543 0.021154
1 0.330054 0.760444 0.019286 0.019080
1 0.530796 0.604592 0.021976 0.028998
1 0.646851 0.441844 0.017596 0.027889
1 0.559090 0.668217 0.023893 0.029894
1 0.508955 0.629649 0.019797 0.026512
1 0.215260 0.859775 0.025174 0.022953
1 0.101455 0.825351 0.031533 0.028669
1 0.742077 0.398315 0.017242 0.028806
1 0.519522 0.580563 0.024576 0.031238
1 0.130657 0.809397 0.020069 0.018382
1 0.535989 0.620527 0.018340 0.023324
1 0.442851 0.784965 0.024543 0.029786
1 0.720906 0.372701 0.016086 0.028368
1 0.211029 0.770841 0.034788 0.029617
1 0.622581 0.435105 0.024815 0.037914
1 0.342052 0.804614 0.021188 0.021847
1 0.299734 0.740676 0.023365 0.022538
1 0.318351 0.834307 0.025986 0.024850
1 0.574049 0.502364 0.014506 0.020523
1 0.148432 0.899506 0.018069 0.017099
1 0.139299 0.846391 0.023396 0.020277
1 0.817231 0.248198 0.011312 0.020110
1 0.605558 0.560319 0.015561 0.021790
1 0.120145 0.797434 0.026794 0.021760
1 0.246194 0.863341 0.022293 0.022526
1 0.653070 0.452397 0.018127 0.026232
1 0.563649 0.533796 0.017601 0.022973
1 0.324614 0.865669 0.027793 0.023825
1 0.683621 0.375937 0.013557 0.025322
1 0.577557 0.563094 0.015177 0.022325
1 0.692453 0.341210 0.015820 0.028372
1 0.659370 0.463021 0.018910 0.030094
1 0.725552 0.429771 0.018108 0.034371
1 0.766084 0.268649 0.017718 0.034315
1 0.592223 0.593275 0.017591 0.025251
1 0.748284 0.409028 0.015186 0.027612
1 0.689518 0.513653 0.019269 0.028497
1 0.821424 0.132750 0.010783 0.022120
1 0.209876 0.827954 0.022346 0.021279
1 0.615854 0.580113 0.017260 0.021697
1 0.779842 0.238020 0.012664 0.023233
1 0.342045 0.787280 0.026971 0.025812
1 0.765218 0.209482 0.019382 0.038270
1 0.310594 0.786441 0.022394 0.020256
1 0.619051 0.591549 0.016509 0.020178
1 0.221065 0.877535 0.017686 0.019600
1 0.128609 0.951509 0.029794 0.027703
1 0.143556 0.874879 0.016800 0.015773
1 0.524208 0.592341 0.016304 0.020580
1 0.568260 0.542938 0.016369 0.024429
1 0.119984 0.898983 0.025044 0.023871
1 0.573621 0.551225 0.014707 0.021943
1 0.151533 0.910995 0.019574 0.017991
1 0.320625 0.850428 0.024753 0.022172
1 0.330010 0.741661 0.025779 0.024265
1 0.610173 0.573022 0.014154 0.019754
1 0.328481 0.880955 0.026373 0.024258
1 0.357330 0.866499 0.025764 0.021248
1 0.595663 0.540754 0.016012 0.023264
1 0.839170 0.080955 0.010550 0.021336
1 0.682263 0.503654 0.014269 0.022461
1 0.229472 0.781587 0.023020 0.021637
1 0.117401 0.882553 0.023861 0.023448
1 0.580057 0.511424 0.017391 0.024538
1 0.598186 0.603387 0.014360 0.020162
1 0.254724 0.909303 0.020082 0.018520
1 0.248424 0.877782 0.023279 0.020626
1 0.111501 0.848500 0.022385 0.019903
1 0.450750 0.802255 0.027793 0.035390
1 0.114958 0.860974 0.021782 0.019973
1 0.142339 0.860405 0.023326 0.019032
1 0.235763 0.814955 0.023472 0.025613
1 0.124167 0.924955 0.025719 0.023887
1 0.473436 0.774119 0.016632 0.021491
1 0.316580 0.817063 0.022420 0.020322
1 0.222934 0.890156 0.020300 0.022753
1 0.233415 0.799548 0.024160 0.023420
1 0.328461 0.724863 0.022978 0.022579
1 0.719108 0.421547 0.015992 0.027924
1 0.123576 0.910379 0.019247 0.016212
1 0.788858 0.247536 0.013268 0.025376
1 0.699958 0.344516 0.017351 0.031702
1 0.228259 0.923242 0.023416 0.020708
1 0.209640 0.848642 0.014830 0.016999
1 0.602424 0.615296 0.011903 0.016675
1 0.154859 0.925506 0.015662 0.015695
1 0.297884 0.723309 0.018698 0.017945
1 0.847680 0.114748 0.009988 0.021666
1 0.129575 0.935579 0.018354 0.018132
1 0.814518 0.272317 0.011503 0.021408
1 0.713238 0.364140 0.015316 0.026156
1 0.773360 0.273286 0.012492 0.023965
1 0.841795 0.108424 0.012201 0.022803
1 0.734187 0.439724 0.012147 0.021997
1 0.806936 0.269756 0.010393 0.019356
1 0.831721 0.101865 0.009293 0.018388
1 0.842527 0.147433 0.009731 0.019986
1 0.640644 0.432191 0.019478 0.030711
1 0.838669 0.144110 0.009944 0.019913
1 0.317463 0.803222 0.014061 0.013613
1 0.629194 0.468674 0.013998 0.020809
1 0.588374 0.583434 0.014991 0.021075
1 0.739552 0.442526 0.009140 0.019606
1 0.740699 0.237755 0.010652 0.021076
1 0.831820 0.140894 0.009576 0.021426
1 0.748043 0.190306 0.010505 0.020886
1 0.412258 0.488044 0.014747 0.020090
1 0.841093 0.145896 0.010858 0.020514
1 0.836965 0.143509 0.008670 0.020466
1 0.752383 0.419397 0.011250 0.019610
1 0.316131 0.805515 0.019219 0.017577
1 0.590955 0.589745 0.016625 0.023964
1 0.670818 0.543267 0.015769 0.023206
1 0.150164 0.901190 0.019732 0.020072
1 0.835872 0.079931 0.011278 0.023850
1 0.116557 0.878172 0.022608 0.020466
1 0.651878 0.513668 0.013393 0.018568
1 0.832705 0.105102 0.009618 0.022300
